-9995
-9993
-9993
-9992
-9991
-9988
-9987
-9986
-9985
-9982
-9981
-9978
-9978
-9978
-9976
-9976
-9975
-9975
-9973
-9971
-9970
-9970
-9969
-9964
-9963
-9962
-9959
-9958
-9958
-9955
-9953
-9952
-9951
-9948
-9946
-9946
-9945
-9939
-9934
-9932
-9932
-9931
-9930
-9930
-9929
-9929
-9928
-9923
-9922
-9922
-9919
-9917
-9913
-9911
-9911
-9910
-9906
-9905
-9904
-9903
-9901
-9898
-9897
-9895
-9895
-9894
-9892
-9891
-9890
-9889
-9889
-9889
-9888
-9887
-9886
-9882
-9882
-9880
-9875
-9874
-9874
-9872
-9871
-9871
-9865
-9858
-9857
-9852
-9852
-9844
-9842
-9838
-9834
-9827
-9826
-9826
-9813
-9813
-9812
-9807
-9805
-9805
-9804
-9802
-9799
-9798
-9795
-9793
-9790
-9790
-9782
-9781
-9779
-9777
-9776
-9776
-9774
-9770
-9766
-9764
-9762
-9757
-9757
-9755
-9753
-9753
-9752
-9751
-9749
-9747
-9746
-9743
-9742
-9742
-9741
-9741
-9740
-9738
-9738
-9736
-9734
-9734
-9733
-9725
-9723
-9722
-9722
-9722
-9721
-9714
-9714
-9711
-9710
-9710
-9708
-9693
-9692
-9691
-9690
-9690
-9687
-9683
-9682
-9681
-9679
-9679
-9673
-9671
-9667
-9665
-9664
-9663
-9662
-9662
-9661
-9660
-9659
-9658
-9658
-9658
-9653
-9649
-9645
-9644
-9644
-9642
-9641
-9641
-9641
-9640
-9635
-9635
-9634
-9633
-9633
-9630
-9629
-9629
-9623
-9623
-9621
-9618
-9617
-9617
-9616
-9615
-9614
-9614
-9608
-9607
-9603
-9603
-9601
-9600
-9595
-9588
-9588
-9585
-9584
-9582
-9579
-9574
-9574
-9573
-9573
-9572
-9570
-9569
-9569
-9564
-9558
-9558
-9558
-9556
-9556
-9555
-9554
-9553
-9551
-9551
-9550
-9546
-9543
-9541
-9540
-9538
-9537
-9535
-9535
-9533
-9531
-9529
-9527
-9526
-9524
-9523
-9521
-9520
-9519
-9514
-9512
-9512
-9512
-9509
-9505
-9502
-9502
-9499
-9496
-9495
-9493
-9490
-9488
-9488
-9476
-9475
-9474
-9473
-9469
-9458
-9454
-9450
-9448
-9447
-9446
-9441
-9440
-9432
-9431
-9425
-9421
-9420
-9420
-9420
-9419
-9415
-9410
-9408
-9405
-9404
-9402
-9400
-9396
-9392
-9392
-9390
-9389
-9385
-9385
-9382
-9381
-9378
-9378
-9375
-9375
-9374
-9372
-9370
-9370
-9369
-9368
-9368
-9368
-9367
-9365
-9365
-9365
-9360
-9359
-9358
-9354
-9352
-9346
-9344
-9340
-9335
-9331
-9328
-9328
-9328
-9326
-9325
-9324
-9318
-9314
-9314
-9313
-9311
-9311
-9310
-9304
-9304
-9303
-9301
-9292
-9288
-9288
-9284
-9284
-9283
-9282
-9282
-9279
-9279
-9279
-9279
-9268
-9268
-9268
-9266
-9264
-9264
-9263
-9263
-9261
-9260
-9255
-9254
-9254
-9254
-9253
-9251
-9250
-9248
-9247
-9246
-9244
-9231
-9231
-9231
-9229
-9228
-9225
-9219
-9211
-9206
-9200
-9198
-9198
-9196
-9194
-9191
-9190
-9190
-9189
-9187
-9187
-9187
-9184
-9183
-9180
-9179
-9175
-9174
-9172
-9170
-9170
-9169
-9167
-9167
-9164
-9163
-9160
-9156
-9154
-9153
-9153
-9152
-9152
-9150
-9150
-9148
-9144
-9143
-9143
-9137
-9135
-9133
-9130
-9130
-9130
-9127
-9123
-9123
-9121
-9120
-9120
-9118
-9116
-9115
-9113
-9112
-9105
-9104
-9104
-9104
-9101
-9100
-9098
-9098
-9098
-9096
-9091
-9090
-9089
-9088
-9088
-9087
-9085
-9079
-9078
-9078
-9077
-9076
-9076
-9073
-9072
-9072
-9070
-9068
-9067
-9065
-9064
-9062
-9060
-9058
-9056
-9054
-9053
-9053
-9048
-9046
-9040
-9032
-9028
-9023
-9021
-9017
-9017
-9015
-9012
-9012
-9012
-9011
-9011
-9008
-9008
-9007
-9006
-9005
-8999
-8997
-8995
-8984
-8984
-8984
-8982
-8981
-8977
-8972
-8972
-8971
-8969
-8966
-8966
-8960
-8959
-8953
-8950
-8950
-8950
-8948
-8943
-8942
-8941
-8940
-8938
-8938
-8937
-8934
-8932
-8931
-8928
-8924
-8923
-8923
-8923
-8923
-8922
-8920
-8917
-8910
-8910
-8910
-8906
-8905
-8905
-8904
-8893
-8892
-8889
-8888
-8888
-8888
-8884
-8874
-8871
-8870
-8870
-8868
-8868
-8868
-8868
-8866
-8865
-8859
-8858
-8856
-8856
-8851
-8850
-8850
-8849
-8848
-8845
-8844
-8844
-8840
-8835
-8835
-8835
-8835
-8832
-8832
-8831
-8831
-8827
-8825
-8821
-8820
-8818
-8816
-8816
-8815
-8815
-8813
-8810
-8801
-8799
-8798
-8798
-8796
-8794
-8794
-8793
-8788
-8788
-8784
-8782
-8782
-8781
-8780
-8777
-8777
-8776
-8775
-8775
-8773
-8772
-8769
-8764
-8764
-8763
-8763
-8763
-8761
-8759
-8759
-8758
-8757
-8756
-8755
-8755
-8745
-8744
-8740
-8739
-8739
-8735
-8735
-8734
-8734
-8733
-8733
-8732
-8732
-8731
-8730
-8724
-8722
-8722
-8717
-8714
-8709
-8707
-8706
-8704
-8701
-8701
-8700
-8700
-8700
-8696
-8695
-8695
-8693
-8689
-8680
-8677
-8671
-8670
-8669
-8668
-8668
-8667
-8665
-8665
-8665
-8661
-8658
-8657
-8655
-8655
-8653
-8650
-8650
-8649
-8649
-8648
-8647
-8645
-8645
-8643
-8642
-8642
-8642
-8641
-8640
-8640
-8637
-8637
-8637
-8636
-8636
-8633
-8632
-8627
-8626
-8624
-8622
-8616
-8616
-8615
-8609
-8608
-8608
-8602
-8601
-8598
-8596
-8596
-8594
-8593
-8592
-8591
-8589
-8586
-8586
-8586
-8586
-8580
-8577
-8577
-8574
-8574
-8573
-8571
-8569
-8567
-8567
-8566
-8565
-8562
-8561
-8555
-8552
-8551
-8550
-8550
-8549
-8549
-8547
-8544
-8542
-8541
-8541
-8540
-8537
-8537
-8536
-8536
-8535
-8535
-8532
-8527
-8527
-8526
-8525
-8524
-8522
-8520
-8514
-8512
-8510
-8509
-8509
-8508
-8504
-8503
-8502
-8501
-8500
-8500
-8498
-8497
-8494
-8494
-8493
-8489
-8488
-8484
-8479
-8475
-8475
-8474
-8470
-8465
-8463
-8461
-8460
-8458
-8454
-8453
-8453
-8451
-8450
-8449
-8448
-8441
-8439
-8439
-8438
-8438
-8436
-8436
-8434
-8434
-8433
-8430
-8430
-8428
-8427
-8426
-8426
-8425
-8423
-8423
-8420
-8413
-8412
-8411
-8411
-8406
-8406
-8405
-8401
-8399
-8398
-8397
-8395
-8395
-8394
-8392
-8391
-8388
-8383
-8383
-8383
-8381
-8381
-8380
-8378
-8377
-8377
-8376
-8373
-8373
-8371
-8371
-8369
-8365
-8363
-8362
-8359
-8357
-8357
-8357
-8355
-8355
-8354
-8352
-8351
-8351
-8349
-8345
-8343
-8340
-8338
-8329
-8328
-8328
-8326
-8326
-8326
-8326
-8324
-8322
-8317
-8316
-8315
-8315
-8315
-8313
-8312
-8310
-8310
-8309
-8309
-8306
-8302
-8302
-8301
-8299
-8292
-8291
-8291
-8289
-8288
-8287
-8286
-8286
-8285
-8283
-8282
-8275
-8274
-8273
-8270
-8268
-8251
-8251
-8251
-8248
-8242
-8241
-8240
-8237
-8236
-8235
-8235
-8231
-8230
-8229
-8229
-8229
-8229
-8228
-8227
-8224
-8220
-8218
-8210
-8210
-8210
-8207
-8205
-8199
-8195
-8192
-8190
-8190
-8187
-8186
-8181
-8181
-8180
-8177
-8174
-8172
-8170
-8169
-8169
-8166
-8162
-8161
-8161
-8160
-8160
-8160
-8155
-8153
-8153
-8153
-8153
-8151
-8145
-8144
-8141
-8137
-8133
-8130
-8124
-8122
-8115
-8115
-8113
-8111
-8110
-8107
-8104
-8103
-8102
-8102
-8101
-8101
-8100
-8097
-8095
-8093
-8092
-8091
-8088
-8085
-8085
-8083
-8081
-8076
-8071
-8070
-8069
-8068
-8063
-8062
-8058
-8055
-8054
-8054
-8053
-8049
-8049
-8048
-8048
-8043
-8042
-8042
-8039
-8039
-8039
-8038
-8036
-8029
-8028
-8025
-8024
-8024
-8024
-8022
-8020
-8017
-8014
-8014
-8011
-8011
-8007
-8007
-8007
-8000
-7995
-7994
-7992
-7990
-7988
-7988
-7985
-7985
-7982
-7981
-7981
-7980
-7980
-7980
-7980
-7978
-7976
-7976
-7975
-7973
-7971
-7971
-7971
-7968
-7965
-7964
-7964
-7962
-7962
-7962
-7959
-7958
-7957
-7956
-7954
-7952
-7952
-7947
-7946
-7945
-7945
-7944
-7943
-7942
-7939
-7937
-7936
-7934
-7930
-7926
-7921
-7920
-7920
-7920
-7919
-7911
-7910
-7910
-7909
-7905
-7901
-7899
-7898
-7898
-7889
-7889
-7889
-7887
-7887
-7882
-7878
-7877
-7874
-7873
-7869
-7868
-7868
-7867
-7860
-7858
-7858
-7853
-7851
-7849
-7848
-7845
-7843
-7843
-7842
-7842
-7840
-7840
-7839
-7837
-7836
-7836
-7836
-7834
-7834
-7833
-7831
-7831
-7831
-7831
-7829
-7825
-7825
-7824
-7822
-7822
-7821
-7820
-7820
-7818
-7816
-7814
-7806
-7803
-7802
-7797
-7796
-7796
-7795
-7795
-7793
-7791
-7791
-7790
-7790
-7787
-7784
-7784
-7784
-7783
-7783
-7782
-7782
-7782
-7781
-7780
-7777
-7777
-7775
-7771
-7770
-7770
-7765
-7761
-7757
-7757
-7753
-7752
-7738
-7738
-7737
-7735
-7734
-7731
-7728
-7725
-7725
-7724
-7724
-7724
-7724
-7719
-7719
-7719
-7719
-7717
-7714
-7714
-7714
-7713
-7712
-7711
-7711
-7710
-7710
-7703
-7702
-7695
-7690
-7688
-7688
-7688
-7686
-7683
-7683
-7683
-7682
-7682
-7680
-7678
-7678
-7676
-7674
-7671
-7667
-7665
-7663
-7661
-7660
-7658
-7658
-7656
-7649
-7648
-7646
-7644
-7644
-7643
-7641
-7641
-7635
-7635
-7635
-7633
-7633
-7632
-7626
-7626
-7626
-7625
-7623
-7618
-7615
-7615
-7611
-7610
-7609
-7604
-7600
-7600
-7596
-7594
-7593
-7593
-7593
-7593
-7593
-7593
-7591
-7589
-7586
-7585
-7583
-7581
-7580
-7579
-7578
-7576
-7575
-7572
-7571
-7570
-7563
-7563
-7562
-7562
-7560
-7555
-7553
-7553
-7553
-7552
-7552
-7550
-7547
-7547
-7547
-7538
-7538
-7537
-7535
-7534
-7533
-7531
-7531
-7531
-7530
-7528
-7526
-7525
-7524
-7523
-7520
-7515
-7514
-7512
-7512
-7503
-7501
-7500
-7500
-7496
-7496
-7494
-7494
-7489
-7489
-7489
-7485
-7483
-7482
-7482
-7482
-7481
-7479
-7478
-7476
-7474
-7473
-7472
-7466
-7466
-7465
-7464
-7460
-7460
-7460
-7457
-7457
-7455
-7454
-7453
-7449
-7449
-7445
-7445
-7444
-7440
-7438
-7433
-7428
-7428
-7428
-7428
-7427
-7427
-7426
-7426
-7426
-7424
-7422
-7421
-7421
-7421
-7418
-7418
-7417
-7417
-7413
-7412
-7410
-7410
-7406
-7405
-7405
-7405
-7405
-7404
-7403
-7395
-7392
-7390
-7389
-7388
-7380
-7380
-7379
-7378
-7378
-7378
-7377
-7375
-7375
-7375
-7375
-7375
-7372
-7371
-7371
-7366
-7366
-7365
-7361
-7356
-7355
-7354
-7352
-7352
-7351
-7349
-7349
-7347
-7346
-7341
-7340
-7339
-7335
-7332
-7331
-7328
-7327
-7327
-7327
-7326
-7322
-7322
-7321
-7320
-7318
-7316
-7316
-7315
-7309
-7307
-7307
-7306
-7304
-7303
-7302
-7302
-7302
-7301
-7299
-7294
-7292
-7292
-7290
-7289
-7289
-7289
-7289
-7284
-7276
-7274
-7272
-7272
-7271
-7270
-7269
-7269
-7267
-7266
-7266
-7266
-7265
-7264
-7263
-7259
-7259
-7259
-7258
-7257
-7253
-7253
-7252
-7252
-7252
-7251
-7251
-7250
-7248
-7248
-7246
-7242
-7242
-7242
-7241
-7240
-7240
-7240
-7239
-7239
-7239
-7239
-7234
-7233
-7232
-7230
-7230
-7227
-7226
-7226
-7223
-7222
-7221
-7221
-7221
-7219
-7218
-7218
-7217
-7215
-7213
-7212
-7212
-7211
-7210
-7210
-7209
-7208
-7207
-7207
-7205
-7203
-7202
-7202
-7201
-7196
-7196
-7194
-7193
-7193
-7193
-7191
-7191
-7189
-7189
-7188
-7187
-7186
-7184
-7183
-7183
-7182
-7182
-7180
-7180
-7180
-7178
-7176
-7175
-7175
-7175
-7175
-7174
-7172
-7172
-7172
-7171
-7170
-7170
-7170
-7168
-7164
-7164
-7164
-7163
-7162
-7159
-7157
-7155
-7154
-7153
-7150
-7144
-7144
-7143
-7143
-7141
-7141
-7139
-7139
-7134
-7132
-7132
-7131
-7130
-7129
-7128
-7124
-7123
-7123
-7123
-7120
-7120
-7118
-7118
-7118
-7118
-7117
-7116
-7115
-7114
-7112
-7112
-7112
-7111
-7110
-7105
-7104
-7103
-7103
-7102
-7101
-7100
-7096
-7094
-7092
-7091
-7089
-7088
-7087
-7086
-7086
-7084
-7083
-7083
-7082
-7082
-7081
-7079
-7077
-7077
-7077
-7076
-7076
-7076
-7072
-7066
-7065
-7065
-7064
-7064
-7062
-7062
-7059
-7057
-7055
-7055
-7050
-7049
-7041
-7041
-7040
-7040
-7037
-7034
-7032
-7032
-7030
-7030
-7028
-7028
-7027
-7018
-7018
-7017
-7015
-7012
-7009
-7008
-7008
-7008
-7007
-7006
-7005
-7003
-7000
-6999
-6999
-6998
-6996
-6995
-6995
-6993
-6991
-6990
-6990
-6989
-6988
-6987
-6987
-6987
-6987
-6984
-6984
-6980
-6977
-6977
-6976
-6976
-6968
-6968
-6967
-6967
-6962
-6960
-6957
-6953
-6953
-6953
-6952
-6951
-6951
-6950
-6947
-6946
-6945
-6939
-6933
-6930
-6929
-6929
-6924
-6922
-6921
-6920
-6919
-6913
-6909
-6907
-6901
-6898
-6897
-6894
-6891
-6887
-6885
-6884
-6884
-6883
-6883
-6882
-6881
-6881
-6880
-6879
-6879
-6879
-6877
-6877
-6871
-6867
-6867
-6867
-6867
-6866
-6866
-6864
-6863
-6862
-6854
-6854
-6853
-6850
-6849
-6846
-6844
-6842
-6841
-6841
-6840
-6838
-6838
-6836
-6834
-6833
-6831
-6830
-6830
-6828
-6825
-6825
-6825
-6824
-6823
-6822
-6821
-6820
-6820
-6820
-6817
-6817
-6815
-6814
-6813
-6812
-6812
-6810
-6809
-6808
-6806
-6805
-6805
-6805
-6802
-6796
-6795
-6794
-6791
-6789
-6789
-6786
-6785
-6783
-6782
-6782
-6781
-6780
-6772
-6771
-6771
-6767
-6763
-6759
-6759
-6754
-6754
-6754
-6754
-6751
-6747
-6747
-6746
-6746
-6744
-6744
-6744
-6741
-6741
-6741
-6736
-6735
-6733
-6733
-6732
-6732
-6731
-6731
-6730
-6729
-6728
-6725
-6720
-6719
-6718
-6718
-6716
-6715
-6715
-6713
-6713
-6712
-6711
-6711
-6710
-6707
-6707
-6706
-6699
-6699
-6698
-6698
-6696
-6696
-6695
-6695
-6694
-6694
-6693
-6693
-6689
-6689
-6685
-6684
-6682
-6682
-6682
-6682
-6682
-6681
-6680
-6675
-6675
-6674
-6674
-6674
-6673
-6672
-6670
-6666
-6664
-6663
-6659
-6657
-6655
-6653
-6652
-6649
-6641
-6641
-6641
-6639
-6638
-6637
-6635
-6635
-6635
-6635
-6635
-6628
-6626
-6624
-6624
-6623
-6622
-6622
-6617
-6615
-6615
-6611
-6608
-6606
-6602
-6602
-6601
-6600
-6597
-6597
-6595
-6595
-6594
-6594
-6593
-6593
-6593
-6593
-6593
-6588
-6586
-6585
-6585
-6585
-6584
-6583
-6583
-6582
-6580
-6578
-6577
-6574
-6573
-6568
-6568
-6564
-6564
-6563
-6563
-6560
-6560
-6560
-6559
-6558
-6557
-6555
-6555
-6554
-6552
-6550
-6550
-6549
-6548
-6548
-6547
-6545
-6541
-6541
-6540
-6540
-6539
-6539
-6537
-6537
-6537
-6530
-6530
-6529
-6529
-6529
-6529
-6529
-6529
-6523
-6522
-6521
-6520
-6514
-6514
-6513
-6512
-6507
-6506
-6502
-6501
-6498
-6498
-6497
-6495
-6495
-6490
-6488
-6485
-6485
-6485
-6485
-6484
-6484
-6480
-6476
-6475
-6473
-6470
-6470
-6470
-6468
-6468
-6466
-6462
-6460
-6460
-6460
-6460
-6458
-6456
-6453
-6451
-6449
-6449
-6449
-6449
-6448
-6447
-6447
-6446
-6445
-6443
-6443
-6443
-6443
-6442
-6442
-6440
-6440
-6440
-6438
-6437
-6435
-6435
-6435
-6434
-6433
-6433
-6428
-6426
-6426
-6425
-6424
-6424
-6422
-6422
-6417
-6417
-6415
-6414
-6413
-6413
-6411
-6410
-6409
-6409
-6409
-6409
-6408
-6408
-6408
-6407
-6396
-6396
-6394
-6392
-6391
-6391
-6391
-6385
-6385
-6383
-6382
-6382
-6382
-6380
-6380
-6379
-6378
-6376
-6376
-6375
-6375
-6371
-6370
-6368
-6368
-6368
-6368
-6362
-6362
-6358
-6356
-6356
-6354
-6354
-6353
-6351
-6351
-6348
-6346
-6346
-6343
-6339
-6339
-6339
-6339
-6338
-6336
-6335
-6333
-6332
-6330
-6330
-6329
-6329
-6329
-6328
-6328
-6328
-6328
-6325
-6324
-6317
-6317
-6316
-6315
-6313
-6312
-6311
-6310
-6307
-6307
-6304
-6299
-6299
-6299
-6297
-6292
-6292
-6291
-6291
-6288
-6286
-6286
-6285
-6285
-6279
-6279
-6278
-6278
-6278
-6278
-6277
-6277
-6277
-6273
-6273
-6267
-6267
-6266
-6263
-6262
-6262
-6262
-6261
-6259
-6259
-6259
-6259
-6257
-6257
-6257
-6257
-6257
-6252
-6251
-6244
-6244
-6243
-6243
-6242
-6242
-6237
-6236
-6234
-6230
-6228
-6228
-6226
-6226
-6225
-6223
-6222
-6220
-6220
-6220
-6220
-6219
-6219
-6219
-6219
-6218
-6217
-6217
-6212
-6212
-6212
-6206
-6205
-6198
-6197
-6196
-6196
-6196
-6196
-6194
-6193
-6192
-6191
-6190
-6188
-6188
-6187
-6184
-6183
-6180
-6180
-6178
-6176
-6173
-6172
-6168
-6167
-6165
-6165
-6163
-6163
-6163
-6160
-6159
-6159
-6159
-6159
-6159
-6157
-6156
-6156
-6156
-6154
-6154
-6153
-6153
-6153
-6148
-6145
-6143
-6139
-6137
-6136
-6136
-6136
-6134
-6133
-6132
-6131
-6131
-6131
-6131
-6131
-6129
-6124
-6124
-6124
-6123
-6121
-6115
-6112
-6111
-6108
-6108
-6107
-6107
-6107
-6107
-6107
-6107
-6107
-6106
-6106
-6106
-6106
-6106
-6105
-6104
-6100
-6098
-6098
-6098
-6095
-6093
-6092
-6091
-6089
-6087
-6087
-6087
-6086
-6086
-6085
-6084
-6084
-6083
-6083
-6082
-6081
-6081
-6079
-6076
-6074
-6074
-6072
-6070
-6070
-6067
-6065
-6064
-6063
-6063
-6063
-6056
-6055
-6055
-6052
-6051
-6050
-6049
-6048
-6046
-6045
-6045
-6045
-6042
-6042
-6040
-6037
-6036
-6033
-6032
-6030
-6030
-6028
-6028
-6025
-6024
-6023
-6022
-6021
-6018
-6018
-6016
-6016
-6011
-6011
-6011
-6011
-6008
-6007
-6007
-6007
-6007
-6007
-6000
-6000
-5999
-5999
-5999
-5999
-5995
-5994
-5994
-5992
-5990
-5990
-5990
-5989
-5988
-5987
-5985
-5981
-5981
-5980
-5980
-5979
-5978
-5978
-5977
-5975
-5974
-5973
-5971
-5971
-5970
-5970
-5970
-5966
-5959
-5959
-5958
-5956
-5955
-5954
-5952
-5952
-5951
-5949
-5946
-5941
-5941
-5940
-5938
-5931
-5931
-5931
-5931
-5930
-5928
-5924
-5923
-5923
-5921
-5921
-5921
-5918
-5918
-5917
-5913
-5913
-5913
-5913
-5911
-5909
-5907
-5906
-5905
-5905
-5905
-5905
-5903
-5897
-5896
-5896
-5895
-5895
-5895
-5892
-5891
-5889
-5885
-5885
-5884
-5884
-5884
-5884
-5883
-5875
-5875
-5875
-5873
-5869
-5869
-5869
-5862
-5862
-5861
-5861
-5861
-5857
-5857
-5857
-5855
-5853
-5852
-5852
-5851
-5851
-5848
-5848
-5847
-5845
-5843
-5843
-5842
-5842
-5842
-5840
-5839
-5838
-5837
-5836
-5834
-5834
-5833
-5833
-5832
-5832
-5832
-5830
-5824
-5823
-5823
-5823
-5822
-5818
-5816
-5812
-5812
-5808
-5808
-5805
-5804
-5803
-5801
-5799
-5798
-5796
-5796
-5794
-5791
-5790
-5790
-5790
-5789
-5787
-5785
-5784
-5782
-5779
-5779
-5779
-5779
-5771
-5771
-5768
-5767
-5767
-5764
-5764
-5764
-5762
-5760
-5756
-5753
-5753
-5751
-5751
-5750
-5750
-5750
-5749
-5749
-5749
-5748
-5747
-5744
-5742
-5742
-5739
-5738
-5737
-5735
-5734
-5733
-5733
-5732
-5732
-5731
-5731
-5731
-5731
-5727
-5726
-5726
-5726
-5724
-5722
-5720
-5720
-5719
-5718
-5716
-5715
-5715
-5715
-5715
-5708
-5707
-5707
-5705
-5700
-5699
-5698
-5698
-5697
-5696
-5696
-5693
-5693
-5690
-5690
-5690
-5690
-5690
-5687
-5678
-5677
-5677
-5676
-5676
-5676
-5676
-5676
-5673
-5671
-5671
-5670
-5667
-5667
-5667
-5666
-5666
-5665
-5664
-5663
-5662
-5662
-5658
-5658
-5658
-5657
-5655
-5654
-5649
-5647
-5646
-5646
-5645
-5644
-5642
-5641
-5640
-5637
-5636
-5634
-5632
-5632
-5632
-5631
-5630
-5630
-5630
-5629
-5628
-5628
-5628
-5624
-5623
-5623
-5623
-5620
-5619
-5617
-5617
-5617
-5616
-5616
-5612
-5609
-5605
-5594
-5592
-5590
-5590
-5587
-5585
-5585
-5585
-5580
-5580
-5580
-5580
-5579
-5578
-5575
-5575
-5574
-5574
-5574
-5574
-5569
-5568
-5567
-5567
-5564
-5564
-5563
-5563
-5561
-5560
-5560
-5556
-5556
-5556
-5555
-5555
-5555
-5550
-5548
-5547
-5547
-5544
-5544
-5542
-5541
-5539
-5539
-5537
-5535
-5532
-5532
-5531
-5530
-5530
-5530
-5530
-5529
-5526
-5526
-5525
-5525
-5525
-5525
-5524
-5523
-5523
-5522
-5522
-5518
-5518
-5517
-5517
-5514
-5511
-5509
-5509
-5509
-5509
-5509
-5509
-5509
-5509
-5509
-5503
-5503
-5501
-5501
-5501
-5501
-5500
-5498
-5495
-5494
-5494
-5494
-5494
-5490
-5490
-5490
-5489
-5488
-5487
-5487
-5485
-5483
-5483
-5483
-5481
-5481
-5478
-5475
-5475
-5475
-5471
-5470
-5470
-5468
-5468
-5467
-5467
-5467
-5465
-5463
-5458
-5458
-5458
-5458
-5457
-5454
-5454
-5454
-5450
-5450
-5450
-5450
-5449
-5449
-5447
-5447
-5444
-5443
-5442
-5440
-5439
-5438
-5437
-5437
-5436
-5432
-5432
-5432
-5431
-5431
-5428
-5426
-5426
-5426
-5424
-5420
-5419
-5419
-5418
-5412
-5410
-5410
-5404
-5404
-5403
-5403
-5402
-5400
-5399
-5399
-5395
-5395
-5394
-5394
-5393
-5392
-5392
-5390
-5390
-5390
-5390
-5387
-5386
-5382
-5382
-5382
-5382
-5380
-5380
-5376
-5376
-5376
-5375
-5375
-5375
-5374
-5373
-5373
-5372
-5372
-5371
-5369
-5369
-5369
-5363
-5363
-5363
-5363
-5359
-5359
-5359
-5359
-5359
-5359
-5359
-5357
-5357
-5356
-5352
-5351
-5351
-5351
-5348
-5348
-5348
-5345
-5345
-5344
-5344
-5344
-5344
-5344
-5344
-5344
-5344
-5344
-5344
-5340
-5340
-5338
-5338
-5337
-5337
-5337
-5337
-5335
-5334
-5334
-5334
-5331
-5331
-5330
-5329
-5327
-5325
-5325
-5321
-5321
-5321
-5318
-5318
-5318
-5318
-5316
-5316
-5315
-5315
-5309
-5306
-5305
-5304
-5303
-5302
-5302
-5302
-5302
-5301
-5301
-5301
-5301
-5300
-5298
-5297
-5296
-5294
-5292
-5292
-5292
-5292
-5292
-5291
-5289
-5289
-5288
-5287
-5285
-5284
-5283
-5282
-5281
-5281
-5280
-5280
-5280
-5280
-5280
-5280
-5278
-5273
-5266
-5266
-5262
-5261
-5261
-5259
-5259
-5258
-5258
-5256
-5254
-5254
-5253
-5253
-5249
-5249
-5249
-5248
-5248
-5248
-5245
-5244
-5243
-5241
-5240
-5239
-5239
-5239
-5237
-5237
-5235
-5234
-5234
-5232
-5232
-5232
-5232
-5232
-5231
-5231
-5228
-5228
-5228
-5228
-5228
-5226
-5222
-5219
-5219
-5217
-5212
-5211
-5211
-5211
-5211
-5209
-5207
-5206
-5206
-5205
-5205
-5205
-5205
-5205
-5205
-5203
-5203
-5202
-5201
-5201
-5201
-5198
-5197
-5196
-5196
-5196
-5196
-5191
-5191
-5191
-5191
-5190
-5189
-5189
-5189
-5189
-5189
-5187
-5187
-5186
-5186
-5186
-5186
-5184
-5183
-5182
-5181
-5179
-5177
-5169
-5168
-5166
-5165
-5165
-5162
-5161
-5158
-5157
-5157
-5156
-5156
-5153
-5153
-5153
-5152
-5152
-5151
-5151
-5149
-5148
-5148
-5147
-5145
-5144
-5140
-5138
-5137
-5137
-5136
-5135
-5135
-5135
-5135
-5135
-5133
-5133
-5132
-5128
-5128
-5127
-5127
-5126
-5126
-5124
-5123
-5122
-5122
-5121
-5120
-5120
-5120
-5120
-5120
-5119
-5116
-5116
-5116
-5114
-5114
-5114
-5113
-5113
-5112
-5111
-5107
-5105
-5105
-5105
-5103
-5103
-5103
-5102
-5102
-5102
-5102
-5100
-5098
-5096
-5096
-5096
-5090
-5089
-5089
-5088
-5086
-5083
-5083
-5081
-5081
-5079
-5078
-5078
-5078
-5078
-5077
-5073
-5072
-5072
-5069
-5067
-5067
-5065
-5065
-5064
-5064
-5063
-5063
-5063
-5062
-5061
-5060
-5060
-5059
-5059
-5059
-5057
-5057
-5055
-5053
-5053
-5052
-5047
-5045
-5044
-5044
-5044
-5043
-5043
-5043
-5043
-5043
-5043
-5040
-5040
-5040
-5040
-5038
-5037
-5036
-5036
-5036
-5033
-5031
-5030
-5030
-5029
-5029
-5026
-5025
-5023
-5021
-5021
-5020
-5018
-5018
-5018
-5018
-5014
-5011
-5010
-5004
-5004
-5004
-5001
-5001
-5001
-5001
-5001
-5000
-5000
-5000
-5000
-5000
-5000
-4997
-4996
-4995
-4995
-4993
-4993
-4991
-4989
-4985
-4982
-4977
-4975
-4972
-4968
-4965
-4965
-4964
-4961
-4960
-4957
-4957
-4954
-4952
-4952
-4952
-4951
-4951
-4947
-4947
-4946
-4946
-4943
-4943
-4941
-4941
-4938
-4936
-4935
-4935
-4935
-4934
-4934
-4934
-4934
-4933
-4932
-4932
-4931
-4928
-4926
-4926
-4923
-4921
-4921
-4920
-4920
-4917
-4917
-4917
-4915
-4912
-4911
-4911
-4910
-4907
-4905
-4902
-4900
-4897
-4895
-4895
-4895
-4893
-4889
-4888
-4885
-4884
-4884
-4881
-4878
-4878
-4876
-4876
-4874
-4872
-4872
-4872
-4872
-4872
-4871
-4867
-4867
-4867
-4867
-4863
-4863
-4861
-4860
-4859
-4859
-4857
-4857
-4856
-4856
-4855
-4850
-4848
-4848
-4846
-4845
-4845
-4845
-4845
-4845
-4845
-4837
-4836
-4836
-4836
-4835
-4833
-4831
-4830
-4827
-4825
-4825
-4825
-4822
-4822
-4820
-4819
-4819
-4819
-4819
-4815
-4815
-4815
-4815
-4815
-4815
-4813
-4812
-4811
-4810
-4810
-4810
-4808
-4808
-4808
-4807
-4807
-4807
-4807
-4806
-4804
-4802
-4802
-4801
-4801
-4801
-4800
-4800
-4799
-4799
-4798
-4794
-4792
-4792
-4791
-4790
-4790
-4785
-4785
-4784
-4784
-4784
-4781
-4781
-4780
-4779
-4779
-4778
-4777
-4776
-4776
-4770
-4770
-4770
-4768
-4765
-4765
-4765
-4763
-4763
-4763
-4762
-4760
-4759
-4759
-4759
-4757
-4755
-4755
-4755
-4755
-4753
-4753
-4752
-4749
-4746
-4744
-4744
-4742
-4741
-4740
-4740
-4738
-4738
-4738
-4737
-4737
-4737
-4736
-4736
-4734
-4733
-4729
-4726
-4726
-4724
-4724
-4724
-4724
-4724
-4717
-4717
-4714
-4713
-4711
-4711
-4709
-4704
-4703
-4703
-4701
-4698
-4698
-4696
-4694
-4693
-4690
-4690
-4688
-4686
-4686
-4686
-4685
-4685
-4685
-4683
-4682
-4680
-4680
-4679
-4679
-4679
-4679
-4672
-4672
-4672
-4670
-4667
-4666
-4664
-4662
-4656
-4656
-4652
-4652
-4650
-4650
-4649
-4649
-4649
-4648
-4643
-4643
-4641
-4640
-4639
-4639
-4639
-4639
-4635
-4635
-4633
-4633
-4633
-4633
-4621
-4621
-4620
-4620
-4620
-4620
-4619
-4619
-4617
-4615
-4615
-4613
-4613
-4613
-4613
-4613
-4613
-4613
-4612
-4612
-4607
-4607
-4605
-4604
-4604
-4601
-4601
-4601
-4600
-4600
-4599
-4597
-4596
-4596
-4594
-4593
-4593
-4593
-4591
-4591
-4591
-4591
-4587
-4587
-4587
-4585
-4583
-4582
-4582
-4580
-4580
-4578
-4573
-4572
-4569
-4567
-4567
-4567
-4567
-4566
-4565
-4564
-4564
-4564
-4563
-4563
-4563
-4561
-4560
-4557
-4557
-4555
-4553
-4553
-4553
-4552
-4551
-4548
-4545
-4543
-4543
-4543
-4543
-4543
-4539
-4539
-4538
-4537
-4530
-4530
-4529
-4528
-4528
-4525
-4524
-4522
-4520
-4520
-4520
-4519
-4519
-4517
-4517
-4516
-4515
-4515
-4512
-4512
-4512
-4511
-4510
-4508
-4508
-4508
-4508
-4508
-4508
-4507
-4505
-4505
-4504
-4504
-4504
-4503
-4501
-4501
-4501
-4498
-4497
-4495
-4494
-4493
-4493
-4491
-4491
-4491
-4490
-4490
-4490
-4487
-4485
-4485
-4485
-4485
-4485
-4485
-4485
-4485
-4485
-4485
-4483
-4483
-4483
-4480
-4479
-4478
-4477
-4477
-4474
-4474
-4473
-4472
-4470
-4470
-4470
-4470
-4467
-4467
-4466
-4466
-4464
-4460
-4459
-4459
-4457
-4456
-4456
-4453
-4451
-4451
-4450
-4450
-4450
-4449
-4447
-4447
-4447
-4446
-4446
-4444
-4442
-4438
-4438
-4438
-4438
-4436
-4435
-4435
-4435
-4428
-4424
-4423
-4422
-4421
-4420
-4417
-4416
-4414
-4414
-4414
-4410
-4410
-4409
-4409
-4409
-4407
-4407
-4407
-4406
-4401
-4399
-4399
-4397
-4397
-4393
-4393
-4391
-4390
-4390
-4388
-4388
-4387
-4386
-4386
-4386
-4383
-4383
-4379
-4378
-4378
-4377
-4376
-4375
-4375
-4375
-4374
-4374
-4373
-4372
-4371
-4370
-4370
-4369
-4369
-4363
-4363
-4363
-4363
-4363
-4363
-4361
-4358
-4358
-4357
-4357
-4357
-4354
-4350
-4348
-4347
-4345
-4345
-4345
-4344
-4344
-4342
-4342
-4341
-4341
-4341
-4339
-4339
-4330
-4326
-4326
-4326
-4325
-4325
-4322
-4322
-4322
-4322
-4321
-4320
-4319
-4319
-4319
-4319
-4318
-4315
-4315
-4314
-4311
-4311
-4309
-4309
-4305
-4304
-4301
-4300
-4300
-4300
-4300
-4300
-4297
-4297
-4291
-4290
-4288
-4288
-4287
-4287
-4286
-4285
-4284
-4284
-4282
-4282
-4282
-4281
-4280
-4279
-4277
-4277
-4277
-4277
-4277
-4277
-4275
-4274
-4274
-4274
-4270
-4270
-4266
-4266
-4266
-4266
-4266
-4266
-4263
-4263
-4263
-4262
-4261
-4260
-4260
-4258
-4256
-4256
-4255
-4249
-4248
-4247
-4247
-4247
-4247
-4247
-4246
-4245
-4244
-4244
-4243
-4243
-4243
-4243
-4243
-4243
-4242
-4241
-4241
-4240
-4239
-4239
-4239
-4239
-4238
-4238
-4238
-4236
-4235
-4233
-4233
-4233
-4230
-4228
-4228
-4227
-4227
-4224
-4223
-4219
-4219
-4218
-4217
-4215
-4215
-4215
-4214
-4214
-4214
-4213
-4212
-4212
-4212
-4211
-4208
-4207
-4207
-4207
-4206
-4204
-4203
-4202
-4200
-4200
-4200
-4200
-4199
-4199
-4199
-4199
-4199
-4198
-4193
-4191
-4187
-4187
-4186
-4182
-4182
-4182
-4182
-4180
-4179
-4179
-4171
-4171
-4171
-4169
-4166
-4166
-4165
-4164
-4163
-4163
-4162
-4161
-4161
-4160
-4160
-4159
-4156
-4156
-4154
-4153
-4152
-4152
-4152
-4149
-4147
-4147
-4145
-4144
-4143
-4143
-4143
-4140
-4140
-4140
-4139
-4138
-4136
-4136
-4134
-4133
-4133
-4133
-4131
-4128
-4126
-4126
-4126
-4125
-4125
-4123
-4122
-4121
-4119
-4118
-4118
-4116
-4114
-4113
-4110
-4108
-4106
-4106
-4106
-4106
-4106
-4104
-4104
-4103
-4103
-4102
-4102
-4102
-4102
-4102
-4099
-4099
-4099
-4095
-4094
-4094
-4094
-4094
-4092
-4091
-4091
-4090
-4089
-4077
-4075
-4075
-4075
-4075
-4073
-4073
-4073
-4073
-4068
-4068
-4068
-4068
-4068
-4067
-4066
-4065
-4065
-4064
-4061
-4060
-4059
-4059
-4056
-4055
-4054
-4053
-4049
-4048
-4044
-4042
-4042
-4037
-4037
-4034
-4034
-4034
-4033
-4030
-4030
-4030
-4029
-4029
-4026
-4026
-4026
-4024
-4021
-4021
-4016
-4015
-4015
-4011
-4011
-4011
-4011
-4010
-4009
-4009
-4009
-4006
-4004
-4003
-4003
-3994
-3990
-3990
-3987
-3987
-3987
-3985
-3985
-3983
-3982
-3981
-3981
-3979
-3978
-3978
-3976
-3975
-3975
-3974
-3973
-3973
-3973
-3971
-3970
-3970
-3970
-3970
-3970
-3970
-3970
-3970
-3970
-3970
-3968
-3968
-3968
-3967
-3967
-3966
-3965
-3965
-3965
-3962
-3962
-3962
-3961
-3961
-3961
-3960
-3958
-3955
-3952
-3952
-3951
-3951
-3951
-3950
-3950
-3950
-3946
-3943
-3943
-3941
-3939
-3939
-3939
-3939
-3936
-3932
-3932
-3932
-3932
-3932
-3932
-3932
-3932
-3932
-3928
-3927
-3926
-3926
-3926
-3926
-3925
-3924
-3923
-3922
-3921
-3921
-3920
-3920
-3917
-3916
-3915
-3915
-3915
-3912
-3911
-3910
-3909
-3906
-3904
-3901
-3899
-3899
-3899
-3899
-3896
-3894
-3894
-3893
-3893
-3892
-3891
-3890
-3890
-3887
-3886
-3886
-3883
-3882
-3879
-3878
-3878
-3878
-3877
-3877
-3874
-3871
-3871
-3869
-3869
-3869
-3866
-3865
-3861
-3860
-3860
-3859
-3859
-3857
-3857
-3857
-3857
-3856
-3855
-3855
-3854
-3854
-3850
-3850
-3850
-3849
-3848
-3847
-3847
-3846
-3843
-3843
-3843
-3842
-3841
-3841
-3841
-3841
-3840
-3839
-3839
-3839
-3839
-3839
-3839
-3839
-3839
-3834
-3831
-3830
-3830
-3830
-3830
-3828
-3826
-3826
-3823
-3823
-3823
-3822
-3822
-3819
-3817
-3816
-3816
-3816
-3814
-3814
-3814
-3812
-3810
-3809
-3809
-3806
-3806
-3805
-3805
-3804
-3804
-3804
-3804
-3804
-3802
-3801
-3800
-3798
-3796
-3796
-3795
-3793
-3793
-3793
-3789
-3787
-3787
-3787
-3787
-3787
-3787
-3787
-3785
-3785
-3785
-3785
-3784
-3784
-3783
-3783
-3778
-3777
-3776
-3776
-3773
-3773
-3771
-3771
-3771
-3771
-3771
-3765
-3764
-3762
-3762
-3759
-3759
-3758
-3749
-3745
-3745
-3743
-3743
-3743
-3741
-3741
-3736
-3736
-3736
-3736
-3735
-3735
-3730
-3729
-3728
-3728
-3727
-3726
-3725
-3724
-3724
-3722
-3722
-3720
-3720
-3719
-3711
-3710
-3710
-3709
-3703
-3701
-3701
-3701
-3699
-3699
-3697
-3696
-3696
-3696
-3696
-3695
-3694
-3693
-3693
-3692
-3692
-3688
-3688
-3686
-3685
-3685
-3685
-3685
-3684
-3683
-3683
-3678
-3678
-3677
-3677
-3677
-3677
-3676
-3676
-3675
-3674
-3674
-3671
-3670
-3670
-3670
-3670
-3668
-3666
-3666
-3666
-3666
-3665
-3665
-3664
-3664
-3664
-3663
-3663
-3663
-3663
-3663
-3661
-3657
-3657
-3654
-3654
-3654
-3654
-3653
-3652
-3652
-3651
-3651
-3651
-3651
-3647
-3647
-3644
-3644
-3643
-3643
-3640
-3638
-3637
-3637
-3634
-3632
-3632
-3631
-3631
-3631
-3630
-3630
-3630
-3630
-3629
-3627
-3627
-3627
-3625
-3622
-3622
-3622
-3620
-3614
-3611
-3609
-3609
-3608
-3608
-3608
-3608
-3607
-3603
-3603
-3603
-3601
-3600
-3597
-3597
-3595
-3595
-3595
-3594
-3594
-3594
-3594
-3590
-3587
-3587
-3587
-3585
-3584
-3584
-3583
-3582
-3582
-3582
-3582
-3581
-3581
-3579
-3579
-3578
-3577
-3577
-3576
-3576
-3574
-3572
-3572
-3569
-3569
-3569
-3569
-3568
-3568
-3567
-3566
-3565
-3565
-3563
-3563
-3563
-3562
-3562
-3562
-3556
-3555
-3553
-3553
-3553
-3553
-3553
-3551
-3551
-3551
-3551
-3548
-3548
-3548
-3548
-3547
-3547
-3547
-3547
-3546
-3546
-3544
-3544
-3544
-3538
-3536
-3536
-3536
-3536
-3535
-3535
-3534
-3534
-3533
-3531
-3531
-3531
-3531
-3530
-3530
-3527
-3527
-3526
-3525
-3525
-3519
-3519
-3518
-3515
-3513
-3513
-3512
-3512
-3512
-3512
-3511
-3511
-3510
-3510
-3509
-3508
-3508
-3507
-3507
-3507
-3507
-3507
-3504
-3501
-3499
-3498
-3498
-3496
-3495
-3495
-3495
-3495
-3490
-3489
-3489
-3486
-3484
-3484
-3484
-3482
-3482
-3482
-3480
-3478
-3478
-3473
-3470
-3469
-3465
-3465
-3464
-3461
-3461
-3459
-3459
-3459
-3459
-3458
-3458
-3458
-3458
-3455
-3455
-3454
-3454
-3454
-3453
-3453
-3453
-3452
-3450
-3450
-3449
-3449
-3449
-3448
-3445
-3445
-3445
-3444
-3442
-3439
-3439
-3439
-3439
-3438
-3438
-3438
-3438
-3438
-3437
-3436
-3436
-3435
-3435
-3432
-3432
-3431
-3431
-3431
-3431
-3430
-3429
-3426
-3426
-3426
-3426
-3425
-3424
-3423
-3423
-3423
-3421
-3420
-3419
-3419
-3419
-3417
-3417
-3417
-3417
-3411
-3409
-3406
-3406
-3403
-3403
-3400
-3400
-3399
-3399
-3399
-3398
-3398
-3398
-3398
-3398
-3398
-3396
-3396
-3396
-3395
-3394
-3394
-3393
-3393
-3393
-3391
-3391
-3390
-3390
-3389
-3389
-3389
-3387
-3387
-3387
-3386
-3385
-3383
-3382
-3382
-3379
-3379
-3379
-3378
-3377
-3377
-3377
-3376
-3376
-3375
-3375
-3375
-3372
-3372
-3372
-3372
-3372
-3372
-3371
-3370
-3369
-3369
-3369
-3369
-3365
-3364
-3362
-3362
-3359
-3358
-3357
-3356
-3355
-3354
-3353
-3352
-3350
-3350
-3348
-3345
-3345
-3345
-3343
-3343
-3342
-3341
-3341
-3337
-3337
-3337
-3335
-3335
-3335
-3335
-3335
-3333
-3333
-3331
-3331
-3331
-3330
-3330
-3330
-3328
-3328
-3328
-3328
-3326
-3326
-3325
-3325
-3325
-3324
-3323
-3323
-3321
-3319
-3319
-3319
-3318
-3316
-3316
-3316
-3316
-3316
-3314
-3314
-3310
-3309
-3309
-3309
-3309
-3309
-3309
-3309
-3307
-3305
-3305
-3305
-3305
-3305
-3305
-3303
-3302
-3302
-3302
-3302
-3300
-3294
-3293
-3293
-3293
-3291
-3290
-3289
-3287
-3286
-3286
-3286
-3286
-3286
-3282
-3276
-3276
-3276
-3273
-3272
-3270
-3270
-3270
-3268
-3267
-3266
-3266
-3266
-3266
-3265
-3264
-3263
-3260
-3260
-3257
-3257
-3256
-3255
-3255
-3250
-3247
-3246
-3245
-3245
-3245
-3245
-3245
-3245
-3245
-3245
-3244
-3242
-3242
-3241
-3240
-3238
-3237
-3237
-3235
-3235
-3235
-3234
-3233
-3231
-3231
-3231
-3228
-3228
-3225
-3223
-3222
-3222
-3222
-3221
-3221
-3219
-3217
-3216
-3216
-3215
-3212
-3212
-3209
-3208
-3208
-3208
-3206
-3203
-3203
-3202
-3202
-3202
-3201
-3201
-3201
-3196
-3196
-3196
-3196
-3196
-3194
-3194
-3192
-3192
-3190
-3190
-3188
-3188
-3188
-3186
-3186
-3185
-3185
-3184
-3183
-3183
-3183
-3180
-3179
-3179
-3179
-3179
-3175
-3175
-3175
-3174
-3173
-3166
-3166
-3166
-3165
-3165
-3165
-3164
-3162
-3154
-3154
-3153
-3149
-3149
-3149
-3148
-3146
-3146
-3146
-3146
-3146
-3146
-3146
-3145
-3142
-3139
-3139
-3139
-3139
-3139
-3138
-3138
-3136
-3136
-3136
-3136
-3135
-3134
-3134
-3134
-3134
-3133
-3133
-3130
-3130
-3130
-3128
-3125
-3121
-3121
-3119
-3118
-3116
-3114
-3114
-3112
-3109
-3109
-3106
-3104
-3103
-3099
-3098
-3098
-3097
-3097
-3097
-3097
-3096
-3096
-3096
-3095
-3095
-3093
-3093
-3092
-3091
-3091
-3088
-3088
-3088
-3088
-3088
-3087
-3087
-3087
-3087
-3087
-3087
-3087
-3087
-3086
-3083
-3083
-3078
-3077
-3072
-3070
-3068
-3068
-3068
-3068
-3068
-3067
-3064
-3064
-3063
-3063
-3062
-3062
-3062
-3060
-3059
-3059
-3059
-3058
-3058
-3058
-3058
-3056
-3056
-3056
-3051
-3050
-3050
-3050
-3050
-3050
-3050
-3050
-3049
-3049
-3048
-3047
-3046
-3046
-3046
-3046
-3046
-3046
-3046
-3046
-3046
-3046
-3045
-3044
-3044
-3041
-3041
-3041
-3041
-3041
-3041
-3039
-3037
-3033
-3033
-3031
-3031
-3029
-3027
-3025
-3025
-3025
-3025
-3025
-3023
-3022
-3018
-3017
-3017
-3015
-3015
-3011
-3009
-3008
-3007
-3007
-3006
-3005
-3005
-3005
-3004
-3003
-3003
-3003
-3003
-3003
-3003
-3002
-3001
-3001
-3000
-3000
-3000
-2999
-2998
-2998
-2998
-2997
-2995
-2995
-2995
-2995
-2995
-2995
-2995
-2995
-2995
-2995
-2994
-2993
-2993
-2993
-2993
-2990
-2990
-2990
-2989
-2989
-2988
-2988
-2988
-2986
-2985
-2984
-2984
-2984
-2984
-2984
-2984
-2983
-2983
-2983
-2983
-2983
-2981
-2981
-2981
-2981
-2980
-2979
-2979
-2979
-2977
-2976
-2976
-2974
-2973
-2973
-2973
-2971
-2970
-2970
-2970
-2968
-2968
-2963
-2963
-2963
-2962
-2962
-2962
-2958
-2958
-2958
-2958
-2958
-2958
-2957
-2957
-2957
-2956
-2953
-2953
-2952
-2952
-2952
-2952
-2952
-2952
-2951
-2951
-2951
-2951
-2951
-2950
-2949
-2947
-2947
-2947
-2945
-2944
-2944
-2944
-2944
-2942
-2939
-2939
-2938
-2938
-2937
-2937
-2933
-2932
-2932
-2931
-2931
-2931
-2931
-2930
-2930
-2929
-2929
-2927
-2925
-2925
-2924
-2923
-2923
-2923
-2920
-2920
-2919
-2918
-2918
-2916
-2916
-2911
-2911
-2911
-2911
-2911
-2911
-2908
-2905
-2905
-2901
-2900
-2900
-2899
-2899
-2899
-2898
-2898
-2897
-2890
-2888
-2884
-2883
-2883
-2881
-2880
-2879
-2879
-2879
-2879
-2879
-2879
-2879
-2878
-2878
-2876
-2876
-2876
-2874
-2870
-2870
-2870
-2870
-2870
-2870
-2865
-2865
-2864
-2864
-2864
-2864
-2864
-2863
-2863
-2863
-2862
-2860
-2860
-2859
-2858
-2858
-2858
-2858
-2858
-2858
-2858
-2858
-2858
-2858
-2858
-2858
-2857
-2856
-2853
-2853
-2851
-2850
-2850
-2850
-2840
-2839
-2835
-2835
-2835
-2835
-2834
-2832
-2832
-2831
-2830
-2829
-2828
-2828
-2828
-2828
-2827
-2827
-2827
-2827
-2827
-2825
-2824
-2824
-2822
-2818
-2817
-2816
-2815
-2815
-2814
-2813
-2812
-2811
-2811
-2807
-2807
-2806
-2806
-2804
-2804
-2804
-2804
-2799
-2799
-2799
-2796
-2796
-2796
-2796
-2795
-2795
-2795
-2795
-2795
-2795
-2794
-2793
-2791
-2791
-2791
-2791
-2791
-2790
-2789
-2788
-2788
-2788
-2785
-2785
-2785
-2785
-2784
-2783
-2783
-2783
-2782
-2782
-2781
-2780
-2779
-2776
-2775
-2775
-2774
-2774
-2773
-2773
-2773
-2773
-2770
-2770
-2770
-2770
-2770
-2768
-2768
-2766
-2760
-2760
-2760
-2755
-2754
-2754
-2754
-2754
-2754
-2753
-2751
-2748
-2748
-2748
-2742
-2742
-2742
-2741
-2741
-2741
-2734
-2734
-2734
-2733
-2731
-2731
-2731
-2730
-2730
-2730
-2730
-2730
-2730
-2726
-2725
-2722
-2721
-2721
-2720
-2718
-2718
-2718
-2716
-2712
-2712
-2711
-2710
-2709
-2707
-2705
-2703
-2703
-2702
-2702
-2700
-2700
-2698
-2698
-2697
-2697
-2697
-2697
-2697
-2695
-2692
-2691
-2691
-2688
-2687
-2687
-2685
-2685
-2685
-2682
-2682
-2682
-2682
-2681
-2679
-2679
-2677
-2677
-2677
-2676
-2676
-2675
-2675
-2674
-2673
-2673
-2673
-2673
-2672
-2672
-2672
-2672
-2671
-2670
-2670
-2670
-2670
-2669
-2668
-2667
-2666
-2666
-2666
-2665
-2665
-2664
-2663
-2663
-2663
-2662
-2662
-2661
-2661
-2660
-2660
-2660
-2659
-2656
-2656
-2656
-2656
-2656
-2655
-2653
-2650
-2650
-2648
-2648
-2647
-2647
-2647
-2647
-2647
-2646
-2645
-2642
-2641
-2641
-2641
-2641
-2641
-2641
-2641
-2641
-2639
-2638
-2638
-2638
-2637
-2637
-2636
-2633
-2632
-2632
-2631
-2630
-2630
-2630
-2629
-2629
-2629
-2629
-2627
-2627
-2626
-2626
-2623
-2623
-2619
-2619
-2614
-2614
-2612
-2612
-2612
-2612
-2611
-2609
-2608
-2608
-2608
-2608
-2608
-2607
-2607
-2605
-2603
-2602
-2602
-2602
-2601
-2601
-2601
-2601
-2601
-2598
-2598
-2598
-2598
-2595
-2595
-2595
-2595
-2590
-2590
-2590
-2588
-2588
-2586
-2583
-2577
-2577
-2573
-2573
-2572
-2571
-2571
-2571
-2570
-2568
-2566
-2566
-2566
-2565
-2565
-2565
-2564
-2564
-2561
-2561
-2558
-2558
-2557
-2554
-2554
-2554
-2554
-2554
-2553
-2553
-2549
-2548
-2548
-2546
-2546
-2545
-2545
-2545
-2545
-2545
-2541
-2540
-2539
-2539
-2538
-2538
-2537
-2537
-2536
-2536
-2536
-2536
-2535
-2535
-2535
-2535
-2534
-2534
-2534
-2533
-2532
-2531
-2531
-2528
-2528
-2527
-2521
-2520
-2520
-2520
-2519
-2519
-2518
-2518
-2518
-2518
-2516
-2514
-2514
-2512
-2512
-2512
-2512
-2512
-2511
-2510
-2509
-2509
-2509
-2509
-2509
-2508
-2508
-2508
-2508
-2503
-2503
-2503
-2503
-2503
-2498
-2498
-2498
-2498
-2498
-2497
-2497
-2497
-2497
-2497
-2493
-2493
-2493
-2493
-2493
-2493
-2491
-2491
-2491
-2491
-2491
-2490
-2490
-2489
-2488
-2486
-2486
-2486
-2486
-2485
-2484
-2484
-2484
-2484
-2484
-2480
-2475
-2473
-2470
-2467
-2466
-2466
-2465
-2465
-2465
-2465
-2465
-2464
-2463
-2461
-2461
-2460
-2460
-2460
-2456
-2456
-2455
-2455
-2455
-2455
-2455
-2454
-2454
-2453
-2451
-2450
-2445
-2445
-2445
-2445
-2444
-2443
-2442
-2442
-2442
-2441
-2439
-2439
-2439
-2432
-2432
-2431
-2429
-2429
-2428
-2428
-2428
-2427
-2426
-2426
-2426
-2426
-2426
-2425
-2423
-2423
-2421
-2421
-2419
-2419
-2418
-2418
-2418
-2413
-2413
-2412
-2412
-2410
-2409
-2408
-2406
-2404
-2404
-2404
-2403
-2401
-2401
-2401
-2401
-2397
-2396
-2396
-2396
-2396
-2395
-2395
-2394
-2394
-2394
-2394
-2394
-2394
-2394
-2393
-2392
-2392
-2392
-2392
-2392
-2392
-2392
-2392
-2392
-2392
-2392
-2387
-2383
-2380
-2380
-2379
-2376
-2374
-2372
-2372
-2371
-2371
-2371
-2370
-2369
-2367
-2367
-2367
-2366
-2366
-2366
-2366
-2363
-2363
-2363
-2363
-2363
-2361
-2359
-2357
-2356
-2356
-2355
-2354
-2352
-2350
-2350
-2348
-2348
-2347
-2347
-2346
-2346
-2346
-2346
-2346
-2346
-2345
-2344
-2344
-2344
-2344
-2344
-2344
-2344
-2344
-2344
-2344
-2344
-2344
-2344
-2344
-2344
-2342
-2341
-2339
-2338
-2333
-2333
-2333
-2332
-2332
-2332
-2332
-2331
-2330
-2328
-2327
-2327
-2327
-2327
-2327
-2326
-2326
-2324
-2324
-2323
-2323
-2321
-2321
-2320
-2319
-2319
-2319
-2319
-2319
-2319
-2318
-2318
-2318
-2318
-2317
-2317
-2317
-2314
-2314
-2314
-2314
-2314
-2312
-2311
-2311
-2310
-2309
-2309
-2309
-2308
-2304
-2303
-2303
-2303
-2303
-2303
-2303
-2303
-2302
-2302
-2297
-2295
-2295
-2293
-2293
-2293
-2292
-2292
-2291
-2291
-2291
-2291
-2291
-2290
-2290
-2290
-2290
-2288
-2288
-2284
-2282
-2282
-2282
-2282
-2282
-2282
-2280
-2279
-2279
-2278
-2278
-2277
-2277
-2277
-2277
-2275
-2274
-2274
-2274
-2271
-2270
-2270
-2269
-2269
-2269
-2269
-2269
-2269
-2269
-2269
-2269
-2267
-2267
-2267
-2264
-2264
-2263
-2263
-2262
-2262
-2262
-2262
-2262
-2261
-2261
-2258
-2256
-2254
-2254
-2254
-2254
-2254
-2254
-2253
-2253
-2253
-2253
-2250
-2250
-2249
-2249
-2248
-2248
-2248
-2247
-2246
-2246
-2245
-2245
-2243
-2243
-2242
-2242
-2242
-2242
-2240
-2240
-2239
-2236
-2236
-2229
-2229
-2229
-2227
-2227
-2226
-2223
-2221
-2221
-2216
-2216
-2215
-2215
-2214
-2209
-2208
-2204
-2204
-2203
-2202
-2202
-2201
-2201
-2201
-2200
-2196
-2196
-2196
-2196
-2196
-2195
-2195
-2194
-2194
-2194
-2194
-2194
-2192
-2189
-2188
-2185
-2185
-2183
-2182
-2182
-2182
-2182
-2181
-2180
-2179
-2175
-2175
-2175
-2175
-2175
-2175
-2175
-2172
-2172
-2172
-2172
-2171
-2171
-2170
-2168
-2165
-2165
-2165
-2162
-2162
-2162
-2158
-2158
-2158
-2158
-2157
-2157
-2157
-2156
-2156
-2153
-2153
-2152
-2151
-2151
-2149
-2148
-2144
-2144
-2143
-2142
-2141
-2141
-2140
-2138
-2138
-2138
-2138
-2137
-2137
-2136
-2131
-2131
-2131
-2131
-2131
-2129
-2129
-2129
-2128
-2128
-2128
-2128
-2128
-2128
-2128
-2127
-2126
-2126
-2126
-2126
-2126
-2126
-2126
-2124
-2122
-2122
-2122
-2122
-2121
-2121
-2120
-2120
-2118
-2118
-2115
-2115
-2114
-2111
-2111
-2111
-2110
-2109
-2109
-2109
-2108
-2106
-2105
-2104
-2104
-2103
-2101
-2101
-2101
-2101
-2101
-2101
-2101
-2099
-2099
-2099
-2099
-2097
-2097
-2097
-2095
-2095
-2094
-2093
-2092
-2091
-2090
-2089
-2089
-2088
-2088
-2088
-2084
-2083
-2082
-2077
-2070
-2070
-2070
-2067
-2064
-2064
-2062
-2062
-2061
-2061
-2061
-2061
-2060
-2060
-2060
-2059
-2059
-2058
-2058
-2058
-2058
-2058
-2058
-2058
-2057
-2057
-2057
-2054
-2053
-2053
-2053
-2053
-2053
-2053
-2053
-2049
-2048
-2048
-2047
-2045
-2045
-2043
-2043
-2043
-2043
-2043
-2043
-2042
-2041
-2040
-2040
-2040
-2040
-2040
-2038
-2035
-2033
-2033
-2033
-2033
-2033
-2032
-2031
-2030
-2028
-2028
-2028
-2026
-2023
-2018
-2016
-2016
-2016
-2016
-2016
-2016
-2016
-2016
-2015
-2015
-2015
-2015
-2014
-2014
-2014
-2014
-2013
-2011
-2009
-2007
-2007
-2004
-2004
-2004
-2004
-2004
-2004
-2003
-2003
-2003
-2003
-2003
-2001
-2001
-1998
-1997
-1997
-1996
-1995
-1995
-1995
-1995
-1995
-1994
-1990
-1990
-1990
-1987
-1987
-1987
-1984
-1982
-1981
-1981
-1980
-1980
-1978
-1978
-1978
-1978
-1976
-1976
-1976
-1976
-1976
-1975
-1975
-1973
-1973
-1973
-1971
-1971
-1971
-1971
-1971
-1968
-1968
-1968
-1968
-1967
-1967
-1967
-1967
-1966
-1966
-1964
-1964
-1964
-1964
-1964
-1964
-1964
-1964
-1959
-1958
-1958
-1955
-1954
-1953
-1948
-1948
-1948
-1944
-1943
-1943
-1942
-1941
-1941
-1940
-1940
-1938
-1938
-1936
-1936
-1934
-1932
-1932
-1931
-1931
-1929
-1925
-1923
-1923
-1922
-1921
-1921
-1921
-1921
-1921
-1919
-1917
-1917
-1917
-1914
-1914
-1914
-1914
-1914
-1914
-1913
-1911
-1910
-1910
-1909
-1908
-1907
-1905
-1903
-1901
-1901
-1899
-1898
-1896
-1896
-1896
-1896
-1896
-1896
-1896
-1895
-1893
-1893
-1893
-1893
-1889
-1889
-1889
-1889
-1889
-1889
-1885
-1883
-1883
-1883
-1883
-1883
-1883
-1883
-1882
-1882
-1882
-1882
-1879
-1879
-1875
-1874
-1874
-1872
-1872
-1871
-1871
-1870
-1870
-1869
-1868
-1867
-1866
-1866
-1866
-1866
-1865
-1865
-1865
-1863
-1863
-1859
-1858
-1858
-1858
-1857
-1856
-1856
-1855
-1854
-1854
-1849
-1849
-1849
-1847
-1845
-1845
-1845
-1843
-1843
-1843
-1843
-1842
-1841
-1841
-1837
-1835
-1833
-1833
-1833
-1833
-1833
-1832
-1832
-1832
-1831
-1830
-1830
-1829
-1824
-1824
-1823
-1822
-1822
-1822
-1820
-1815
-1814
-1813
-1813
-1813
-1813
-1810
-1810
-1810
-1808
-1808
-1808
-1808
-1807
-1806
-1804
-1804
-1804
-1804
-1803
-1803
-1803
-1802
-1802
-1802
-1802
-1802
-1799
-1799
-1798
-1795
-1795
-1793
-1791
-1791
-1789
-1789
-1788
-1788
-1787
-1787
-1786
-1786
-1785
-1785
-1783
-1783
-1782
-1782
-1781
-1780
-1780
-1780
-1779
-1778
-1778
-1778
-1777
-1774
-1774
-1768
-1768
-1768
-1768
-1768
-1764
-1764
-1763
-1762
-1762
-1762
-1761
-1761
-1755
-1753
-1751
-1750
-1750
-1749
-1749
-1748
-1748
-1748
-1748
-1748
-1748
-1748
-1748
-1748
-1748
-1748
-1746
-1745
-1745
-1743
-1743
-1743
-1742
-1742
-1741
-1741
-1740
-1740
-1740
-1740
-1740
-1732
-1732
-1731
-1727
-1727
-1725
-1725
-1725
-1724
-1724
-1722
-1722
-1720
-1720
-1718
-1718
-1718
-1718
-1718
-1718
-1715
-1715
-1710
-1710
-1710
-1710
-1708
-1707
-1707
-1707
-1700
-1700
-1699
-1699
-1698
-1698
-1698
-1698
-1698
-1698
-1698
-1698
-1698
-1698
-1698
-1698
-1698
-1698
-1698
-1697
-1695
-1694
-1693
-1693
-1693
-1692
-1691
-1690
-1687
-1686
-1686
-1684
-1682
-1682
-1682
-1682
-1681
-1681
-1681
-1680
-1679
-1679
-1679
-1679
-1679
-1679
-1679
-1679
-1679
-1679
-1679
-1679
-1678
-1678
-1678
-1677
-1677
-1677
-1677
-1677
-1677
-1677
-1672
-1671
-1671
-1670
-1670
-1670
-1669
-1669
-1669
-1667
-1667
-1667
-1667
-1667
-1666
-1664
-1664
-1664
-1663
-1663
-1663
-1659
-1655
-1655
-1654
-1654
-1654
-1652
-1652
-1650
-1647
-1647
-1646
-1646
-1646
-1645
-1645
-1644
-1643
-1642
-1642
-1642
-1640
-1640
-1640
-1640
-1640
-1639
-1639
-1639
-1638
-1638
-1638
-1637
-1637
-1637
-1636
-1636
-1636
-1636
-1636
-1636
-1636
-1633
-1632
-1631
-1631
-1631
-1629
-1629
-1629
-1628
-1628
-1627
-1626
-1626
-1626
-1626
-1626
-1623
-1623
-1622
-1621
-1620
-1620
-1620
-1619
-1619
-1619
-1618
-1617
-1617
-1617
-1617
-1616
-1615
-1615
-1615
-1609
-1606
-1605
-1604
-1604
-1604
-1604
-1603
-1603
-1603
-1603
-1601
-1600
-1600
-1598
-1598
-1598
-1598
-1598
-1598
-1598
-1598
-1598
-1594
-1593
-1590
-1589
-1589
-1588
-1587
-1587
-1587
-1583
-1583
-1581
-1579
-1577
-1575
-1574
-1570
-1570
-1568
-1568
-1568
-1568
-1568
-1568
-1565
-1563
-1562
-1562
-1562
-1562
-1562
-1561
-1561
-1560
-1560
-1560
-1560
-1559
-1559
-1557
-1557
-1556
-1556
-1556
-1555
-1555
-1555
-1555
-1554
-1554
-1554
-1553
-1553
-1553
-1553
-1552
-1552
-1552
-1547
-1547
-1547
-1547
-1547
-1546
-1546
-1546
-1546
-1546
-1546
-1546
-1546
-1544
-1544
-1544
-1544
-1541
-1541
-1541
-1540
-1540
-1540
-1540
-1540
-1539
-1539
-1539
-1538
-1538
-1535
-1533
-1532
-1531
-1531
-1531
-1531
-1530
-1530
-1529
-1529
-1529
-1529
-1529
-1528
-1528
-1525
-1525
-1525
-1525
-1525
-1524
-1524
-1524
-1524
-1524
-1521
-1520
-1519
-1519
-1517
-1514
-1511
-1511
-1510
-1510
-1509
-1509
-1509
-1509
-1509
-1508
-1508
-1507
-1507
-1507
-1506
-1505
-1503
-1503
-1503
-1502
-1502
-1502
-1502
-1502
-1499
-1497
-1497
-1495
-1494
-1494
-1494
-1494
-1494
-1494
-1494
-1494
-1492
-1492
-1491
-1491
-1491
-1490
-1490
-1490
-1489
-1489
-1486
-1485
-1485
-1484
-1484
-1484
-1483
-1480
-1480
-1480
-1479
-1479
-1477
-1477
-1476
-1476
-1476
-1476
-1476
-1476
-1475
-1475
-1475
-1475
-1474
-1471
-1470
-1469
-1469
-1469
-1468
-1465
-1465
-1464
-1461
-1461
-1457
-1454
-1454
-1449
-1449
-1449
-1446
-1443
-1441
-1441
-1441
-1441
-1441
-1441
-1438
-1438
-1438
-1438
-1436
-1436
-1436
-1436
-1435
-1435
-1433
-1433
-1433
-1433
-1433
-1432
-1432
-1432
-1432
-1429
-1429
-1428
-1428
-1427
-1427
-1427
-1427
-1427
-1427
-1427
-1425
-1423
-1422
-1422
-1421
-1421
-1421
-1416
-1416
-1413
-1413
-1413
-1413
-1413
-1413
-1411
-1411
-1411
-1411
-1411
-1411
-1411
-1411
-1411
-1410
-1410
-1410
-1409
-1409
-1409
-1408
-1406
-1405
-1405
-1405
-1405
-1405
-1405
-1405
-1402
-1402
-1401
-1399
-1399
-1399
-1399
-1397
-1395
-1395
-1394
-1394
-1394
-1394
-1394
-1394
-1393
-1392
-1391
-1391
-1390
-1390
-1390
-1389
-1388
-1384
-1383
-1380
-1379
-1379
-1379
-1377
-1376
-1376
-1373
-1373
-1372
-1372
-1372
-1372
-1370
-1370
-1370
-1370
-1370
-1367
-1366
-1363
-1363
-1363
-1359
-1358
-1358
-1357
-1357
-1356
-1356
-1356
-1356
-1356
-1356
-1356
-1356
-1356
-1356
-1354
-1354
-1354
-1354
-1354
-1354
-1354
-1354
-1352
-1352
-1352
-1351
-1350
-1350
-1346
-1346
-1346
-1343
-1343
-1343
-1340
-1339
-1338
-1336
-1336
-1336
-1336
-1336
-1335
-1333
-1333
-1332
-1329
-1327
-1327
-1327
-1327
-1326
-1323
-1323
-1323
-1322
-1322
-1322
-1319
-1317
-1317
-1317
-1316
-1316
-1315
-1314
-1314
-1314
-1314
-1314
-1314
-1313
-1312
-1312
-1312
-1312
-1312
-1311
-1311
-1310
-1310
-1309
-1309
-1308
-1307
-1307
-1307
-1307
-1307
-1307
-1306
-1306
-1306
-1306
-1306
-1306
-1305
-1305
-1305
-1305
-1305
-1303
-1303
-1303
-1303
-1303
-1303
-1301
-1301
-1301
-1301
-1301
-1301
-1301
-1300
-1300
-1299
-1299
-1299
-1299
-1299
-1299
-1299
-1299
-1299
-1298
-1298
-1297
-1295
-1294
-1294
-1294
-1294
-1294
-1292
-1292
-1292
-1291
-1291
-1291
-1291
-1287
-1287
-1287
-1287
-1287
-1287
-1286
-1286
-1286
-1286
-1281
-1280
-1279
-1279
-1278
-1278
-1277
-1277
-1276
-1275
-1275
-1275
-1275
-1273
-1267
-1267
-1266
-1264
-1260
-1260
-1260
-1260
-1259
-1259
-1259
-1259
-1259
-1259
-1259
-1257
-1257
-1256
-1254
-1254
-1254
-1254
-1252
-1252
-1251
-1247
-1247
-1246
-1246
-1245
-1244
-1244
-1243
-1243
-1242
-1242
-1240
-1240
-1240
-1239
-1237
-1237
-1237
-1237
-1236
-1236
-1235
-1235
-1235
-1235
-1234
-1234
-1234
-1234
-1234
-1234
-1234
-1233
-1233
-1232
-1232
-1232
-1232
-1232
-1231
-1231
-1230
-1226
-1224
-1224
-1223
-1223
-1223
-1219
-1219
-1219
-1219
-1218
-1217
-1217
-1215
-1215
-1215
-1214
-1214
-1213
-1212
-1212
-1212
-1212
-1212
-1210
-1210
-1210
-1210
-1210
-1208
-1208
-1208
-1207
-1203
-1203
-1203
-1201
-1200
-1200
-1200
-1200
-1199
-1199
-1199
-1199
-1194
-1194
-1194
-1194
-1193
-1192
-1192
-1192
-1191
-1191
-1191
-1191
-1191
-1191
-1191
-1191
-1191
-1191
-1191
-1188
-1188
-1188
-1184
-1183
-1181
-1181
-1178
-1178
-1177
-1175
-1173
-1173
-1173
-1173
-1173
-1171
-1171
-1171
-1169
-1169
-1169
-1169
-1166
-1166
-1165
-1165
-1164
-1164
-1163
-1163
-1163
-1163
-1163
-1163
-1163
-1163
-1162
-1162
-1162
-1162
-1162
-1162
-1162
-1161
-1161
-1160
-1160
-1157
-1157
-1157
-1154
-1154
-1154
-1154
-1154
-1154
-1154
-1151
-1151
-1150
-1150
-1149
-1149
-1149
-1148
-1147
-1147
-1147
-1143
-1143
-1142
-1142
-1141
-1141
-1141
-1140
-1140
-1138
-1137
-1136
-1136
-1135
-1135
-1135
-1134
-1133
-1133
-1133
-1133
-1131
-1131
-1131
-1131
-1129
-1128
-1128
-1128
-1128
-1128
-1128
-1124
-1124
-1124
-1124
-1124
-1124
-1124
-1123
-1121
-1121
-1121
-1121
-1121
-1120
-1118
-1118
-1117
-1117
-1116
-1115
-1115
-1114
-1114
-1112
-1111
-1109
-1109
-1106
-1103
-1103
-1103
-1100
-1100
-1100
-1100
-1099
-1099
-1099
-1098
-1098
-1098
-1098
-1098
-1095
-1095
-1095
-1095
-1095
-1094
-1093
-1093
-1092
-1091
-1091
-1091
-1091
-1089
-1089
-1089
-1089
-1088
-1088
-1088
-1088
-1087
-1087
-1087
-1087
-1087
-1087
-1086
-1086
-1085
-1085
-1085
-1084
-1084
-1084
-1082
-1082
-1082
-1080
-1080
-1078
-1078
-1078
-1078
-1077
-1077
-1076
-1076
-1075
-1075
-1075
-1075
-1075
-1075
-1075
-1075
-1074
-1071
-1071
-1071
-1070
-1061
-1061
-1059
-1057
-1056
-1056
-1056
-1056
-1055
-1053
-1053
-1053
-1052
-1052
-1052
-1051
-1049
-1049
-1049
-1049
-1049
-1048
-1048
-1045
-1045
-1045
-1043
-1043
-1042
-1041
-1041
-1040
-1040
-1037
-1036
-1036
-1036
-1036
-1036
-1036
-1036
-1036
-1035
-1035
-1035
-1035
-1035
-1034
-1034
-1032
-1032
-1031
-1031
-1028
-1027
-1027
-1027
-1027
-1027
-1026
-1026
-1025
-1025
-1025
-1023
-1019
-1016
-1016
-1016
-1015
-1013
-1013
-1013
-1012
-1011
-1011
-1009
-1009
-1009
-1009
-1009
-1009
-1009
-1009
-1006
-1006
-1006
-1005
-1005
-1005
-1005
-1005
-1004
-1003
-1003
-1000
-1000
-1000
-1000
-1000
-1000
-1000
-1000
-1000
-999
-999
-997
-994
-993
-993
-992
-992
-989
-989
-988
-988
-988
-988
-988
-986
-985
-985
-985
-985
-984
-982
-982
-982
-981
-981
-981
-980
-980
-980
-979
-978
-978
-976
-976
-974
-974
-973
-973
-969
-969
-963
-963
-962
-959
-959
-959
-959
-959
-958
-958
-957
-956
-956
-956
-956
-954
-954
-953
-953
-953
-953
-951
-951
-950
-950
-950
-949
-949
-948
-948
-947
-947
-946
-944
-944
-944
-944
-944
-944
-942
-934
-934
-933
-931
-931
-931
-929
-929
-929
-929
-928
-928
-927
-927
-925
-924
-924
-924
-924
-924
-922
-922
-921
-919
-919
-919
-919
-917
-917
-917
-917
-917
-917
-917
-916
-916
-915
-914
-914
-914
-914
-914
-914
-910
-909
-909
-903
-903
-903
-903
-899
-897
-896
-896
-896
-894
-894
-894
-894
-894
-894
-894
-893
-893
-892
-892
-892
-892
-890
-890
-890
-890
-890
-890
-890
-888
-888
-888
-887
-887
-887
-887
-885
-884
-884
-884
-883
-883
-883
-880
-880
-880
-880
-880
-877
-877
-877
-877
-876
-874
-874
-874
-874
-874
-873
-872
-871
-870
-870
-870
-870
-870
-870
-870
-869
-869
-868
-867
-867
-865
-865
-862
-861
-861
-861
-860
-860
-859
-859
-859
-859
-858
-857
-857
-857
-857
-857
-857
-857
-855
-855
-855
-854
-854
-854
-851
-850
-850
-850
-850
-850
-850
-849
-849
-849
-849
-848
-847
-847
-847
-846
-845
-845
-845
-845
-845
-844
-844
-844
-843
-843
-843
-841
-839
-839
-839
-838
-838
-838
-838
-838
-837
-837
-837
-837
-837
-837
-836
-836
-836
-836
-833
-830
-830
-829
-828
-828
-827
-826
-826
-826
-826
-826
-826
-825
-825
-824
-824
-824
-824
-824
-823
-823
-823
-823
-820
-820
-820
-820
-818
-818
-818
-815
-815
-815
-814
-813
-813
-813
-813
-813
-813
-809
-805
-804
-804
-804
-804
-803
-803
-803
-802
-800
-798
-797
-795
-795
-795
-794
-793
-793
-793
-791
-789
-789
-789
-789
-787
-787
-785
-785
-785
-783
-783
-783
-783
-783
-782
-781
-778
-775
-775
-775
-770
-770
-770
-770
-769
-769
-768
-768
-768
-766
-765
-765
-765
-765
-765
-765
-764
-764
-764
-764
-764
-764
-764
-764
-764
-763
-762
-761
-761
-757
-757
-757
-755
-755
-755
-755
-755
-753
-752
-752
-752
-752
-752
-750
-750
-749
-748
-748
-747
-747
-747
-745
-745
-745
-745
-745
-745
-744
-744
-743
-743
-743
-743
-742
-740
-740
-739
-739
-739
-738
-738
-738
-738
-736
-736
-736
-735
-735
-735
-735
-733
-733
-733
-733
-732
-732
-730
-730
-730
-730
-730
-725
-725
-725
-725
-725
-724
-724
-723
-723
-723
-723
-723
-722
-722
-722
-719
-718
-718
-718
-718
-718
-715
-709
-709
-707
-707
-707
-707
-706
-706
-704
-704
-703
-703
-703
-703
-703
-702
-702
-702
-702
-701
-700
-699
-695
-694
-694
-694
-691
-691
-691
-691
-691
-691
-691
-691
-690
-687
-687
-687
-683
-683
-681
-680
-680
-679
-679
-679
-679
-679
-679
-679
-678
-678
-678
-678
-678
-678
-678
-678
-678
-678
-678
-678
-677
-675
-675
-675
-674
-674
-674
-672
-671
-670
-670
-670
-670
-668
-668
-668
-667
-663
-663
-663
-663
-662
-660
-660
-660
-660
-660
-660
-658
-658
-658
-658
-657
-657
-655
-655
-655
-654
-653
-653
-653
-651
-651
-650
-650
-650
-650
-650
-649
-649
-649
-648
-648
-647
-647
-646
-646
-644
-643
-643
-642
-642
-642
-641
-641
-637
-637
-637
-636
-636
-636
-633
-633
-632
-632
-629
-626
-626
-625
-625
-622
-622
-621
-621
-621
-620
-620
-620
-620
-620
-618
-618
-618
-618
-618
-618
-617
-617
-617
-617
-617
-615
-614
-614
-614
-614
-614
-613
-613
-613
-613
-611
-611
-609
-609
-609
-608
-608
-608
-607
-606
-606
-605
-605
-605
-604
-604
-603
-602
-601
-601
-601
-599
-599
-594
-594
-594
-594
-593
-593
-593
-593
-593
-593
-592
-591
-591
-589
-589
-589
-585
-585
-585
-583
-583
-583
-581
-581
-580
-579
-579
-579
-579
-579
-579
-578
-578
-578
-578
-578
-578
-576
-576
-572
-571
-570
-570
-569
-569
-569
-569
-569
-569
-568
-567
-567
-566
-565
-564
-562
-562
-557
-557
-556
-556
-555
-555
-554
-553
-552
-551
-551
-551
-551
-551
-551
-551
-551
-551
-549
-547
-546
-546
-544
-543
-543
-542
-542
-541
-541
-541
-538
-536
-535
-535
-532
-531
-531
-530
-530
-530
-529
-529
-529
-529
-529
-529
-529
-527
-527
-525
-525
-525
-525
-525
-525
-523
-523
-523
-523
-523
-520
-519
-519
-517
-517
-517
-517
-516
-516
-516
-515
-515
-514
-513
-513
-513
-512
-512
-510
-509
-508
-505
-505
-502
-500
-500
-498
-497
-497
-496
-495
-495
-495
-493
-493
-493
-493
-491
-491
-489
-489
-487
-486
-483
-482
-481
-480
-480
-480
-480
-480
-480
-480
-479
-478
-478
-477
-477
-476
-476
-476
-474
-474
-472
-472
-472
-466
-466
-465
-464
-463
-462
-462
-462
-462
-460
-459
-459
-459
-459
-459
-459
-459
-456
-455
-452
-452
-452
-449
-449
-449
-449
-449
-449
-449
-446
-443
-441
-441
-441
-441
-441
-441
-441
-440
-438
-437
-437
-436
-436
-435
-435
-433
-432
-430
-429
-425
-424
-423
-423
-422
-422
-419
-419
-418
-418
-413
-413
-413
-413
-412
-412
-412
-412
-412
-412
-412
-412
-412
-412
-409
-405
-405
-405
-404
-403
-403
-402
-402
-402
-401
-401
-401
-401
-397
-397
-397
-397
-397
-396
-396
-396
-396
-396
-396
-394
-394
-394
-393
-393
-393
-393
-393
-393
-391
-390
-390
-390
-390
-390
-390
-390
-390
-390
-388
-388
-388
-386
-386
-386
-386
-386
-386
-386
-384
-384
-384
-384
-384
-384
-384
-384
-384
-384
-384
-384
-383
-382
-382
-382
-382
-382
-381
-380
-376
-376
-376
-376
-376
-376
-375
-375
-375
-375
-375
-375
-375
-374
-372
-371
-371
-371
-371
-371
-371
-371
-370
-369
-369
-369
-369
-369
-367
-367
-365
-364
-364
-364
-363
-362
-362
-361
-361
-361
-359
-359
-359
-358
-358
-358
-358
-355
-355
-355
-355
-355
-355
-355
-354
-354
-353
-353
-353
-353
-352
-352
-349
-349
-349
-347
-346
-346
-346
-346
-345
-345
-344
-344
-344
-343
-343
-343
-343
-343
-341
-341
-341
-341
-341
-341
-340
-340
-339
-338
-336
-336
-336
-334
-334
-334
-334
-334
-332
-332
-332
-332
-332
-331
-331
-331
-330
-329
-328
-328
-325
-325
-325
-325
-325
-324
-324
-324
-322
-322
-322
-320
-320
-319
-319
-318
-318
-317
-316
-316
-315
-315
-315
-315
-313
-313
-313
-313
-313
-312
-312
-312
-312
-311
-310
-309
-309
-309
-308
-307
-307
-304
-303
-303
-302
-302
-302
-302
-301
-301
-301
-297
-297
-297
-297
-297
-297
-296
-295
-295
-294
-294
-294
-294
-294
-292
-292
-292
-292
-288
-288
-283
-283
-283
-283
-283
-283
-280
-280
-280
-280
-280
-280
-276
-274
-272
-272
-272
-272
-269
-269
-269
-269
-269
-269
-269
-269
-268
-268
-268
-268
-268
-266
-266
-266
-265
-264
-264
-264
-264
-264
-264
-263
-263
-262
-262
-262
-262
-262
-262
-262
-259
-259
-259
-259
-259
-259
-259
-259
-258
-258
-257
-256
-256
-256
-255
-255
-255
-253
-253
-252
-252
-252
-251
-247
-247
-247
-247
-243
-243
-242
-242
-242
-242
-242
-242
-242
-240
-240
-239
-239
-238
-238
-238
-238
-238
-237
-237
-237
-237
-237
-237
-237
-236
-231
-231
-231
-231
-230
-230
-229
-229
-224
-223
-223
-222
-222
-222
-222
-222
-222
-222
-221
-221
-221
-221
-220
-219
-219
-219
-218
-216
-216
-216
-216
-215
-215
-212
-212
-212
-210
-210
-210
-210
-210
-210
-209
-209
-209
-209
-209
-209
-207
-206
-206
-206
-206
-206
-206
-206
-206
-206
-206
-206
-200
-199
-199
-199
-197
-196
-196
-195
-195
-195
-195
-191
-190
-190
-188
-188
-188
-188
-188
-188
-187
-187
-185
-185
-185
-184
-183
-183
-183
-182
-182
-181
-181
-181
-179
-179
-177
-177
-176
-176
-175
-175
-174
-174
-174
-173
-173
-168
-167
-167
-167
-166
-166
-165
-165
-165
-165
-164
-164
-164
-164
-164
-164
-164
-164
-164
-163
-163
-163
-161
-161
-160
-160
-160
-160
-158
-158
-156
-155
-155
-154
-154
-154
-154
-152
-152
-152
-152
-151
-151
-151
-150
-150
-150
-150
-149
-149
-149
-149
-149
-149
-149
-149
-149
-149
-149
-149
-148
-148
-148
-148
-148
-148
-148
-148
-148
-146
-145
-145
-145
-145
-145
-145
-145
-145
-145
-142
-142
-142
-142
-142
-142
-141
-141
-141
-140
-138
-137
-137
-137
-137
-137
-136
-136
-134
-133
-133
-132
-132
-132
-132
-132
-132
-131
-131
-131
-129
-129
-125
-125
-125
-125
-125
-124
-123
-122
-122
-122
-122
-122
-122
-122
-122
-122
-122
-122
-120
-120
-119
-119
-119
-119
-119
-119
-119
-119
-118
-117
-116
-116
-115
-115
-115
-114
-114
-113
-113
-113
-113
-112
-112
-111
-110
-110
-110
-109
-106
-106
-106
-106
-106
-105
-104
-104
-103
-103
-102
-102
-102
-102
-102
-102
-100
-98
-98
-98
-97
-97
-97
-96
-96
-94
-94
-93
-93
-93
-93
-93
-90
-90
-90
-90
-90
-90
-88
-88
-88
-88
-88
-88
-87
-87
-87
-87
-87
-87
-87
-87
-87
-87
-87
-87
-87
-86
-86
-86
-86
-86
-86
-86
-86
-85
-85
-85
-85
-85
-84
-81
-81
-81
-81
-81
-80
-80
-80
-80
-80
-80
-80
-79
-79
-79
-79
-78
-77
-75
-75
-75
-74
-74
-74
-74
-74
-73
-73
-73
-73
-72
-72
-72
-71
-71
-69
-68
-68
-68
-68
-67
-67
-67
-65
-65
-63
-62
-62
-62
-61
-61
-61
-60
-59
-58
-57
-57
-56
-55
-55
-55
-54
-54
-54
-54
-54
-54
-54
-54
-54
-54
-54
-54
-54
-52
-52
-52
-52
-52
-52
-52
-50
-50
-50
-50
-48
-48
-48
-47
-47
-47
-44
-43
-42
-42
-42
-42
-42
-36
-36
-35
-35
-35
-35
-35
-35
-33
-33
-32
-32
-32
-32
-32
-30
-30
-30
-28
-28
-28
-27
-27
-27
-27
-26
-26
-25
-24
-24
-22
-22
-22
-22
-21
-21
-21
-21
-21
-21
-21
-20
-19
-18
-18
-18
-17
-15
-14
-14
-14
-13
-13
-10
-9
-9
-8
-5
-5
-5
-5
-4
-3
0
1
4
6
6
6
6
7
7
8
8
8
8
8
8
8
8
8
10
10
10
10
12
12
12
13
15
19
19
20
20
20
20
20
21
21
21
21
22
23
23
23
26
26
26
27
28
29
29
29
29
29
30
30
30
30
30
30
31
32
32
32
34
36
36
36
36
39
39
39
39
39
39
39
42
42
44
44
44
44
44
46
46
46
46
47
49
49
49
51
51
51
51
52
52
52
52
52
52
53
54
54
55
55
55
55
57
57
58
58
58
59
59
59
60
61
61
61
62
62
63
63
63
63
65
65
65
65
65
65
66
68
68
68
68
68
69
69
69
69
69
70
70
70
72
72
72
72
73
