-9995
-9993
-9993
-9992
-9991
-9988
-9987
-9986
-9985
-9982
-9978
-9981
-9978
-9976
-9976
-9975
-9975
-9973
-9970
-9978
-9970
-9969
-9963
-9962
-9959
-9958
-9955
-9953
-9964
-9952
-9958
-9951
-9948
-9946
-9945
-9939
-9932
-9946
-9934
-9932
-9931
-9930
-9930
-9929
-9971
-9929
-9923
-9922
-9919
-9913
-9911
-9910
-9917
-9906
-9904
-9903
-9901
-9898
-9897
-9895
-9895
-9894
-9892
-9911
-9891
-9890
-9888
-9887
-9886
-9882
-9882
-9880
-9875
-9874
-9928
-9922
-9872
-9871
-9871
-9865
-9858
-9857
-9889
-9874
-9852
-9905
-9852
-9844
-9842
-9838
-9834
-9827
-9882
-9826
-9826
-9813
-9812
-9807
-9805
-9805
-9804
-9802
-9799
-9798
-9793
-9790
-9781
-9779
-9777
-9776
-9770
-9766
-9762
-9757
-9889
-9757
-9753
-9751
-9813
-9749
-9747
-9746
-9743
-9742
-9742
-9741
-9795
-9741
-9740
-9738
-9738
-9736
-9734
-9733
-9725
-9723
-9782
-9776
-9722
-9722
-9722
-9721
-9774
-9714
-9714
-9711
-9710
-9693
-9691
-9690
-9682
-9679
-9673
-9671
-9667
-9665
-9662
-9679
-9661
-9660
-9659
-9658
-9658
-9649
-9645
-9642
-9641
-9641
-9640
-9634
-9633
-9630
-9764
-9753
-9734
-9690
-9644
-9629
-9755
-9755
-9629
-9623
-9623
-9621
-9687
-9681
-9618
-9617
-9617
-9616
-9615
-9614
-9608
-9607
-9607
-9603
-9603
-9662
-9601
-9588
-9588
-9585
-9584
-9582
-9579
-9574
-9573
-9573
-9572
-9564
-9558
-9558
-9556
-9555
-9553
-9550
-9543
-9540
-9537
-9683
-9535
-9535
-9533
-9531
-9529
-9527
-9526
-9523
-9521
-9520
-9538
-9514
-9512
-9512
-9509
-9664
-9505
-9708
-9502
-9499
-9496
-9569
-9495
-9490
-9488
-9488
-9476
-9475
-9469
-9458
-9454
-9450
-9448
-9447
-9446
-9440
-9431
-9432
-9425
-9421
-9420
-9420
-9420
-9420
-9419
-9574
-9558
-9415
-9410
-9408
-9405
-9710
-9635
-9404
-9400
-9614
-9600
-9396
-9635
-9556
-9392
-9382
-9474
-9381
-9378
-9378
-9752
-9692
-9375
-9375
-9372
-9370
-9369
-9368
-9368
-9595
-9368
-9365
-9641
-9546
-9644
-9365
-9360
-9359
-9354
-9352
-9344
-9340
-9340
-9335
-9331
-9328
-9328
-9328
-9326
-9325
-9324
-9318
-9314
-9311
-9310
-9304
-9303
-9473
-9301
-9292
-9288
-9284
-9284
-9283
-9282
-9279
-9389
-9279
-9493
-9266
-9264
-9358
-9264
-9263
-9263
-9288
-9261
-9260
-9254
-9254
-9254
-9253
-9253
-9570
-9251
-9250
-9247
-9246
-9231
-9231
-9790
-9569
-9229
-9228
-9225
-9225
-9219
-9211
-9206
-9200
-9198
-9198
-9196
-9194
-9385
-9279
-9191
-9190
-9189
-9187
-9187
-9367
-9187
-9187
-9313
-9183
-9180
-9179
-9174
-9172
-9170
-9169
-9167
-9167
-9519
-9167
-9163
-9160
-9154
-9554
-9153
-9153
-9152
-9152
-9150
-9390
-9148
-9144
-9143
-9143
-9137
-9135
-9133
-9130
-9130
-9130
-9304
-9184
-9127
-9123
-9123
-9121
-9120
-9120
-9118
-9268
-9115
-9112
-9105
-9104
-9104
-9100
-9098
-9098
-9392
-9098
-9096
-9244
-9091
-9090
-9089
-9279
-9087
-9085
-9079
-9077
-9175
-9175
-9076
-9072
-9070
-9068
-9164
-9067
-9065
-9402
-9064
-9058
-9056
-9053
-9053
-9048
-9040
-9028
-9023
-9653
-9551
-9021
-9017
-9017
-9017
-9012
-9012
-9011
-9011
-9008
-9008
-9005
-8999
-8997
-8984
-8984
-8982
-8981
-8977
-8972
-8971
-9663
-8969
-8959
-8950
-8950
-8950
-8943
-8942
-8941
-8940
-9015
-8938
-8938
-8960
-8937
-8934
-8932
-8931
-8928
-8924
-8923
-8922
-8917
-8910
-8972
-8923
-8910
-8910
-9268
-8906
-8905
-8905
-8905
-8904
-8893
-8892
-8889
-8888
-8888
-8884
-8874
-8874
-8871
-8868
-8868
-8866
-8865
-8859
-8858
-8856
-8851
-8850
-8850
-8849
-8848
-8845
-8868
-8844
-8844
-8840
-8835
-8835
-8832
-9054
-9054
-8831
-8827
-8820
-8816
-8815
-9268
-9150
-8813
-8821
-8810
-8799
-8798
-8798
-8794
-8794
-8788
-8782
-8781
-9156
-9006
-8780
-8777
-8776
-8775
-8773
-8772
-8769
-8763
-8763
-8761
-8761
-8759
-8758
-8757
-8784
-8756
-8755
-8755
-9365
-8744
-8740
-8739
-8739
-8735
-8734
-8734
-8734
-8733
-8733
-8732
-8731
-8730
-8724
-8722
-8722
-8717
-8714
-8706
-8704
-8701
-8700
-8696
-8695
-8745
-8693
-8693
-8689
-8680
-8677
-8671
-8670
-8670
-8668
-8665
-8661
-9502
-9032
-8658
-8655
-8655
-8650
-8649
-8647
-8647
-8645
-8642
-8642
-8641
-8640
-8637
-8637
-8637
-8636
-8831
-8633
-8632
-8701
-8626
-8624
-8622
-8616
-8616
-8609
-8608
-8608
-8602
-8601
-8598
-8596
-8596
-8594
-8594
-8593
-8657
-8592
-8591
-8586
-8586
-8580
-8577
-8574
-9441
-9248
-9248
-8574
-8573
-8571
-8569
-8777
-8567
-8566
-8565
-8562
-8561
-8552
-8551
-8550
-8550
-8549
-8547
-8544
-8542
-8541
-8540
-8537
-9255
-8536
-8535
-8535
-8532
-8526
-8526
-8525
-8524
-8522
-8520
-8520
-8514
-8527
-8512
-8512
-8510
-8508
-8504
-8503
-9101
-8818
-8502
-8501
-8500
-8498
-8494
-8493
-8489
-8488
-8484
-8479
-8475
-8475
-8541
-8474
-8470
-8870
-8616
-8465
-8461
-8460
-8458
-8450
-8450
-8449
-8448
-8815
-8453
-8453
-8439
-8439
-8434
-8835
-8707
-8586
-8586
-8434
-8433
-8645
-8509
-9374
-8801
-8426
-8426
-9370
-8425
-8732
-8423
-8423
-8420
-8413
-8411
-9190
-8411
-8406
-8406
-8406
-8405
-8401
-8399
-9346
-9346
-8398
-8394
-8392
-8391
-8383
-8381
-8695
-8381
-9541
-9078
-8380
-8377
-8376
-8373
-8373
-8365
-8363
-8362
-8357
-8355
-8355
-8354
-8351
-8351
-8340
-8329
-8328
-8328
-8326
-8326
-8326
-8326
-8324
-8322
-8317
-8428
-8316
-8316
-8315
-8313
-8309
-8643
-8309
-8306
-8302
-8301
-8301
-8292
-8292
-8291
-8288
-8287
-8286
-8286
-8923
-8286
-8285
-8283
-8282
-9078
-8274
-8312
-8273
-8953
-8920
-8270
-8268
-8251
-8251
-8291
-8248
-8242
-8241
-8237
-8237
-8235
-8299
-8235
-8231
-8230
-8229
-8229
-8229
-8228
-8227
-8224
-8218
-8210
-8210
-8207
-8205
-8199
-8192
-8190
-8186
-8870
-8181
-8174
-8169
-8169
-8169
-8166
-8162
-8161
-8161
-8160
-8160
-9007
-8160
-8371
-8155
-8315
-8153
-8153
-8153
-8151
-8145
-8144
-8141
-8793
-8709
-8133
-8130
-8430
-8115
-8665
-8110
-8107
-8104
-8104
-8103
-8427
-8102
-8101
-8101
-8377
-8093
-8092
-8395
-8091
-8085
-8083
-8081
-8076
-8071
-8068
-8063
-8062
-8058
-8796
-8054
-8053
-8049
-8048
-8042
-8039
-8537
-8055
-8039
-8029
-8028
-8180
-8025
-8024
-8024
-8024
-8022
-8020
-8017
-8017
-8014
-9060
-8195
-8014
-8011
-8007
-8000
-8995
-8667
-8097
-7994
-7985
-7982
-7980
-7980
-7980
-8497
-7980
-7978
-7976
-7975
-7971
-7971
-8775
-8181
-7971
-7968
-7964
-7964
-7962
-8315
-7962
-7959
-7957
-7954
-7952
-7947
-7945
-7945
-7944
-7943
-7942
-7939
-7936
-7926
-7921
-7920
-9551
-8349
-7920
-7911
-7901
-7898
-7889
-7889
-7889
-8451
-7887
-7882
-7878
-7877
-7874
-7869
-7868
-7867
-7858
-7858
-7858
-7853
-7851
-7848
-7845
-7843
-7842
-7840
-8240
-7840
-7909
-7839
-7837
-7837
-7836
-7834
-7834
-7833
-7833
-7831
-7825
-7825
-7824
-7822
-7822
-7820
-7820
-7818
-7816
-7814
-7803
-7802
-7797
-9524
-9104
-7796
-7795
-9088
-8835
-8835
-7981
-7793
-7793
-8220
-7791
-7791
-7790
-7787
-7784
-7784
-9076
-7783
-8436
-7783
-7783
-7782
-7781
-7777
-7777
-8172
-7775
-7775
-7771
-7771
-8153
-7770
-7770
-7761
-7757
-7757
-7965
-7738
-7780
-7738
-7735
-7734
-7731
-7728
-7988
-7725
-7995
-7724
-7724
-9116
-8764
-7737
-7719
-7717
-7714
-8383
-7714
-8369
-7713
-7712
-7711
-7711
-7898
-7898
-7710
-7703
-7690
-7690
-7688
-8100
-7688
-7688
-7686
-8668
-7683
-7683
-7683
-7682
-7682
-7682
-8788
-8500
-7680
-7678
-7678
-7676
-7674
-8275
-7671
-8007
-7665
-9046
-7663
-7660
-7658
-7656
-7649
-7648
-7646
-7646
-7643
-7641
-7635
-7635
-7632
-7632
-7626
-7626
-7625
-7782
-7623
-7623
-7623
-7615
-7610
-7609
-7600
-7600
-7596
-7594
-7593
-7591
-7589
-7725
-7585
-8388
-8049
-7583
-7581
-7579
-7578
-7576
-7575
-7571
-7563
-7563
-7562
-7555
-7555
-7560
-7553
-7553
-7553
-8966
-8383
-7553
-7860
-7860
-7552
-7550
-7547
-7538
-8412
-7538
-7534
-8636
-7533
-8190
-7531
-8463
-8137
-7695
-7661
-7530
-7528
-8371
-7526
-7524
-7523
-7520
-7515
-8310
-7512
-7512
-7503
-7501
-7500
-7496
-7496
-7496
-7494
-7489
-7489
-7485
-7483
-7482
-7985
-7482
-7482
-7481
-7479
-7476
-7474
-7473
-7466
-8509
-7466
-8700
-7465
-7465
-7464
-7460
-7457
-7455
-7454
-7453
-7449
-7449
-7445
-7445
-7440
-7438
-7433
-7428
-7427
-7829
-7426
-7426
-7426
-7424
-7424
-7422
-7421
-7421
-7421
-7418
-7418
-7418
-7413
-7412
-7410
-7410
-7406
-7405
-7405
-7403
-7395
-7392
-7958
-8816
-7390
-7389
-7388
-7380
-8070
-7379
-7765
-7765
-7378
-7378
-7378
-7378
-7377
-7375
-7375
-7375
-8378
-7702
-7375
-7375
-7372
-7371
-7371
-7366
-7365
-7356
-7355
-7354
-7352
-7352
-7349
-7952
-7724
-7849
-7347
-7346
-7346
-7821
-7341
-7341
-7341
-7339
-7335
-7331
-7327
-7327
-7326
-7322
-7321
-7321
-7320
-7318
-7315
-7309
-7307
-7460
-7307
-7806
-7604
-7306
-7304
-7303
-7302
-7301
-7299
-7294
-7290
-7289
-7289
-7289
-7289
-7284
-7276
-7274
-7272
-7272
-7271
-7270
-7269
-7269
-7380
-7349
-7292
-7266
-7266
-7265
-7267
-7267
-7259
-7259
-7259
-7258
-7257
-7253
-7253
-7252
-7252
-7615
-8759
-7421
-7251
-7250
-7248
-7248
-7246
-7246
-7246
-7242
-7242
-7242
-7242
-8124
-7241
-7240
-7239
-7233
-7232
-9012
-8359
-7457
-7230
-7226
-7223
-7219
-7217
-7215
-7213
-7212
-7212
-7212
-7211
-7210
-7724
-7227
-7209
-7208
-7207
-7361
-8302
-7207
-7205
-7203
-7203
-7202
-7194
-7193
-7193
-7193
-7191
-7189
-7189
-7188
-8122
-7187
-7187
-7992
-7836
-7184
-7183
-7180
-7175
-7175
-7174
-7172
-7222
-7172
-7172
-7170
-8825
-7170
-7168
-7164
-7162
-7159
-7157
-7157
-7155
-7154
-7525
-7153
-7150
-7144
-7143
-7134
-7134
-7132
-7130
-7129
-7128
-7124
-7123
-7120
-7120
-7118
-7118
-7118
-7118
-7116
-7115
-7263
-7114
-7112
-7112
-7112
-7104
-7102
-7937
-7719
-7100
-7096
-7094
-7092
-7089
-7086
-7086
-7084
-7178
-7178
-7083
-7083
-7831
-7302
-7082
-7082
-7081
-7572
-7079
-7077
-7076
-7072
-7066
-7065
-7065
-7065
-7064
-7064
-7062
-7132
-7062
-7057
-7055
-7050
-7050
-7049
-7919
-8653
-8653
-8345
-7428
-7139
-8589
-7930
-7930
-7611
-7218
-7218
-7041
-7037
-7032
-7032
-7032
-7030
-7030
-9113
-8627
-7028
-7028
-7027
-7027
-7018
-7017
-7017
-7332
-7015
-7012
-7009
-7008
-7007
-7006
-7006
-7239
-7005
-7003
-7000
-6999
-6996
-6995
-6991
-6990
-6988
-8111
-6987
-6987
-8343
-8251
-6984
-6984
-6977
-6977
-6976
-6976
-6968
-6967
-6967
-6957
-6957
-6957
-6957
-6953
-6953
-6950
-6947
-6946
-6945
-6945
-6939
-6933
-6929
-6924
-6924
-6920
-6913
-6907
-6901
-6898
-6897
-6894
-6891
-6885
-6885
-6884
-6884
-6883
-6883
-6883
-6883
-7644
-7186
-6882
-7962
-6881
-6881
-6880
-6879
-6877
-6877
-6867
-8868
-8649
-7753
-6867
-6867
-6864
-6863
-6862
-8642
-6930
-6854
-6853
-6850
-6846
-6844
-6842
-6841
-6840
-6840
-6838
-6836
-6833
-6831
-6830
-6828
-6825
-6825
-6823
-6822
-6980
-6921
-6921
-6821
-6820
-6820
-6817
-6817
-6812
-6810
-6810
-6810
-6809
-6806
-6805
-7082
-6802
-6796
-6794
-6791
-6789
-6789
-6785
-6783
-6782
-6782
-6782
-6781
-6780
-6780
-6780
-6772
-6772
-6952
-6771
-6767
-6759
-6754
-6751
-6747
-6746
-6746
-6744
-6744
-6744
-7201
-6741
-6741
-6736
-6736
-6733
-6732
-6732
-6731
-6729
-8236
-6728
-6728
-6725
-6719
-6718
-6718
-6716
-6715
-6713
-6713
-6713
-6712
-6711
-6711
-6710
-6710
-6707
-6707
-6707
-6706
-6696
-6694
-6694
-6693
-6693
-6689
-6689
-6682
-6682
-7164
-6747
-6682
-6682
-6681
-6680
-6680
-7633
-6675
-6674
-6674
-6674
-6673
-6672
-6670
-6670
-7112
-6664
-6663
-6657
-6655
-6653
-6652
-6649
-6641
-6641
-6641
-6639
-6638
-6635
-6635
-6628
-6628
-6626
-6624
-6623
-6622
-6622
-6615
-6611
-6608
-6608
-6608
-6601
-6600
-6597
-6597
-6595
-6594
-7899
-7527
-6593
-7531
-6593
-7076
-6867
-6593
-6586
-6585
-6585
-6584
-6583
-7593
-7059
-6583
-6580
-6580
-6578
-6577
-6574
-6568
-6998
-6998
-6568
-6563
-6563
-6560
-6560
-6559
-6558
-6557
-6555
-8454
-6555
-6554
-6552
-6549
-6548
-6548
-6548
-6548
-6547
-6545
-6541
-6541
-6540
-6540
-6540
-6539
-6537
-6530
-6529
-6529
-8352
-7472
-7752
-6523
-7626
-6522
-6521
-6520
-6815
-6514
-6849
-6849
-7176
-6588
-6512
-6512
-6507
-6506
-6502
-6502
-6529
-6501
-6498
-6498
-6495
-6490
-7117
-7117
-6488
-6488
-6485
-8948
-6808
-6485
-6485
-6484
-6484
-6480
-6480
-8113
-7417
-6476
-8650
-6475
-6470
-6468
-6468
-6466
-6462
-6462
-7973
-6460
-6460
-6458
-6456
-7123
-6962
-6451
-6449
-6449
-6449
-6447
-6447
-6446
-6446
-6445
-6445
-6443
-6443
-7141
-6443
-6442
-6440
-6438
-7103
-6435
-6435
-6435
-6435
-6433
-6426
-6426
-6425
-6425
-6424
-6424
-6422
-6422
-6417
-6413
-6413
-8494
-7091
-6410
-6409
-6409
-6497
-6409
-6408
-6408
-6407
-6396
-6394
-6391
-7110
-6385
-6385
-6385
-6385
-8042
-6383
-8669
-6382
-6382
-6379
-7946
-7672
-7221
-6529
-6529
-6376
-6376
-6371
-6368
-6368
-6368
-6362
-6358
-6356
-6356
-6356
-6354
-6354
-6354
-6354
-6354
-6354
-6353
-6348
-6343
-6339
-6339
-6339
-6338
-6336
-6335
-6332
-6330
-6329
-6329
-6328
-6550
-6328
-6317
-6317
-6317
-6795
-6316
-6315
-6313
-6312
-6311
-6582
-6310
-6307
-6299
-6299
-6299
-6297
-6292
-6291
-7988
-6304
-6288
-6286
-6285
-6278
-6278
-6278
-6277
-6277
-6277
-6277
-6277
-6273
-6989
-6273
-6273
-6267
-6263
-6262
-6262
-6261
-6259
-6259
-7478
-6257
-8441
-6251
-6243
-6242
-6237
-6236
-6234
-6824
-6230
-6228
-6226
-6226
-6225
-6222
-6220
-6220
-6220
-6219
-6219
-6218
-6217
-6217
-6212
-6212
-6206
-6206
-6205
-6198
-6198
-8069
-6196
-6196
-6194
-6194
-6192
-6960
-8187
-6813
-6684
-7196
-6191
-6191
-6190
-6188
-6187
-6187
-6279
-6184
-6183
-6180
-6180
-6180
-7264
-7264
-6346
-6346
-6346
-6178
-6173
-6172
-6172
-6168
-6168
-6165
-7658
-6163
-6163
-6160
-7905
-7795
-6927
-6159
-6159
-6157
-6157
-6156
-6156
-6154
-6153
-6153
-6485
-6148
-6409
-6145
-6143
-6139
-6139
-6137
-6380
-6136
-6134
-6133
-6132
-6131
-6131
-6129
-6124
-6124
-6433
-6124
-6115
-6115
-6112
-6112
-6111
-6108
-6449
-6107
-6106
-6106
-6106
-6105
-6104
-6100
-6100
-6098
-6098
-6098
-6092
-6091
-6089
-7537
-7171
-6087
-6087
-6087
-6086
-8115
-7692
-6085
-6084
-6082
-6470
-6081
-6079
-6076
-6074
-6176
-6074
-6067
-6067
-6067
-6067
-6064
-6063
-6063
-6056
-6056
-6866
-6055
-6052
-6051
-6050
-6048
-6045
-9062
-8038
-6045
-6045
-6036
-6032
-6030
-6030
-6028
-6025
-6024
-6023
-7500
-7500
-6022
-6159
-6159
-6018
-6018
-6016
-6016
-6016
-6011
-6011
-6011
-6011
-6011
-6007
-6007
-6007
-6007
-6007
-6000
-6000
-5999
-5999
-5999
-5994
-5990
-5990
-5990
-5990
-5988
-5988
-5988
-5987
-5987
-5985
-5980
-5979
-6514
-5978
-5978
-5977
-5977
-5975
-5974
-5973
-5971
-5971
-5971
-5970
-5970
-5959
-5958
-5956
-9073
-7404
-6976
-6530
-6506
-6506
-5955
-5955
-5955
-5954
-5951
-5946
-5941
-5941
-5938
-5931
-5930
-5928
-5923
-5923
-5923
-5921
-5918
-5917
-5917
-5913
-5913
-6220
-6220
-6037
-5911
-8665
-5909
-5907
-6046
-5906
-5905
-5905
-5903
-5897
-5896
-5896
-5896
-5896
-5895
-8102
-5895
-5895
-5895
-5892
-5891
-5889
-5885
-5885
-5885
-5885
-5885
-5884
-5884
-5884
-5884
-5883
-5875
-5873
-5869
-5862
-5862
-5861
-5857
-5857
-5855
-5853
-5853
-5853
-5852
-5852
-5851
-7087
-7087
-5848
-5848
-5847
-5845
-5843
-5843
-5842
-7417
-5842
-5840
-5840
-5840
-5839
-5839
-7239
-5838
-5837
-5837
-5837
-5836
-5834
-5834
-5833
-5833
-5832
-5832
-5830
-5823
-5822
-5818
-5816
-5812
-5812
-5812
-5808
-6453
-6107
-5808
-5805
-5799
-5799
-5798
-5796
-5796
-5796
-5794
-5791
-5790
-8177
-6063
-6063
-5790
-6329
-5789
-5787
-5787
-5785
-5784
-5782
-5782
-5771
-5768
-5767
-5764
-5764
-5762
-5760
-5756
-5753
-5753
-5753
-6834
-6698
-6292
-5751
-5749
-5747
-5744
-6339
-6339
-5742
-5739
-5738
-5737
-5735
-5734
-5733
-5732
-5732
-5731
-5731
-5731
-5731
-6909
-5727
-5726
-6637
-6302
-5726
-5724
-5722
-5720
-5719
-5719
-5719
-5718
-5716
-5716
-5715
-5715
-5715
-5715
-7240
-5707
-5700
-5699
-5698
-5698
-7040
-6167
-6415
-5697
-5697
-5696
-5696
-5693
-5693
-5690
-5690
-5690
-5690
-5690
-5690
-5687
-5687
-5678
-5677
-5677
-8170
-5676
-5676
-5676
-6473
-5676
-5673
-5673
-5671
-5671
-5667
-5667
-5667
-5667
-5666
-5665
-5664
-5662
-5662
-5662
-5658
-5658
-5658
-5658
-5657
-5655
-5654
-5654
-5654
-5649
-5647
-5646
-5646
-5645
-5645
-5644
-5644
-5642
-5641
-5640
-5637
-5636
-5636
-5632
-5708
-5631
-6606
-5630
-5630
-5629
-5629
-5628
-5624
-5623
-5623
-5623
-5620
-5619
-5617
-5617
-5617
-6699
-5612
-5609
-5609
-5605
-5594
-5594
-5592
-5590
-5585
-5580
-5580
-5579
-5579
-5578
-5575
-5575
-5574
-5574
-5568
-5567
-5698
-5563
-5561
-5561
-5560
-5555
-5550
-5548
-5547
-5544
-5542
-5541
-5580
-5539
-5537
-5535
-5532
-5532
-5532
-5531
-5530
-5530
-5529
-5526
-5525
-5525
-5522
-5522
-5518
-5518
-5517
-5514
-5556
-5511
-5509
-5509
-5503
-5503
-5501
-5501
-5501
-5500
-5498
-5495
-5494
-5494
-5494
-5494
-8438
-6550
-5494
-7667
-6925
-6040
-5490
-5490
-5489
-5487
-5485
-5481
-5478
-5475
-5475
-5471
-5471
-5471
-5470
-5470
-5470
-5468
-5468
-5467
-5467
-5465
-5458
-6820
-5458
-6887
-5457
-5454
-5454
-5454
-5450
-5450
-5450
-5450
-5449
-5449
-5447
-5444
-5444
-5443
-5442
-5440
-5440
-5439
-5437
-5436
-5432
-5431
-5431
-5431
-5428
-5426
-5426
-5426
-5424
-5420
-6257
-5419
-5419
-5418
-5412
-5410
-5404
-5404
-5403
-5400
-5395
-5394
-8289
-7351
-5394
-5488
-5393
-5392
-5483
-5392
-5392
-5390
-5387
-5386
-5380
-5380
-5380
-5380
-5376
-5376
-5375
-5663
-5374
-5373
-5372
-5371
-5369
-5369
-5369
-7182
-5363
-5359
-5357
-8555
-8338
-7482
-6339
-5357
-5352
-5351
-5348
-5345
-5344
-5344
-5344
-5344
-5344
-5344
-5340
-5340
-5338
-5338
-5338
-5338
-5337
-5335
-5331
-5331
-5331
-5330
-7034
-5327
-5327
-5325
-5325
-5325
-5321
-5318
-5318
-5316
-5315
-5315
-5309
-5771
-7182
-6129
-5306
-5376
-5376
-5376
-5305
-5304
-5303
-5301
-7316
-7316
-5301
-5301
-5298
-5296
-5296
-5292
-5292
-5292
-5292
-5292
-5291
-5288
-5288
-5287
-5287
-5282
-5281
-6564
-6564
-6136
-5281
-6252
-6252
-5490
-5490
-5280
-5280
-5280
-5280
-5280
-5278
-5273
-5273
-5266
-5262
-5262
-5262
-7796
-5261
-5261
-5261
-5259
-5258
-5256
-5256
-5254
-5254
-5254
-5249
-5248
-5248
-5245
-5244
-5244
-5243
-5241
-5239
-5239
-7910
-7719
-7638
-7638
-7638
-7638
-7638
-5237
-5237
-5235
-5235
-5234
-5234
-5232
-5231
-7088
-5228
-5228
-5228
-5222
-5219
-5219
-5217
-5212
-5211
-5211
-5211
-5211
-5209
-5207
-5207
-5206
-7123
-5302
-5205
-5205
-5205
-5205
-5205
-5205
-5205
-5634
-5203
-5203
-6730
-5203
-5202
-5201
-5201
-5201
-5196
-5196
-5196
-5196
-5191
-5191
-5191
-5191
-5191
-6370
-5190
-5189
-5187
-5186
-5186
-5184
-5182
-5179
-5168
-5166
-5166
-5165
-5165
-5165
-5161
-7191
-6411
-5157
-5157
-7580
-5952
-5156
-5151
-7956
-7586
-5149
-5149
-5148
-5147
-5145
-5140
-5137
-5137
-5137
-5136
-5135
-5135
-5135
-5135
-5133
-5133
-5132
-5128
-5128
-5127
-5127
-7868
-6148
-5126
-8039
-5153
-5742
-5742
-5742
-5617
-5124
-5123
-5122
-5121
-5120
-5120
-5120
-8088
-5120
-5120
-5120
-5120
-6560
-5116
-7340
-6228
-5116
-5116
-5197
-5114
-5114
-5114
-5114
-5114
-5114
-5114
-5114
-5113
-5107
-5107
-5105
-5103
-5103
-5103
-5103
-5103
-5103
-5102
-5100
-5096
-5632
-5096
-5096
-5090
-5090
-5090
-5090
-5090
-5090
-5089
-5089
-5086
-5083
-7618
-7618
-5977
-5977
-5081
-5081
-5081
-5081
-5079
-5078
-5078
-5073
-5072
-5072
-5382
-5067
-5067
-8549
-5065
-5065
-5064
-5064
-7111
-6578
-6495
-5062
-8984
-7570
-7444
-6375
-5061
-5060
-5060
-5060
-5060
-5989
-5524
-5059
-5059
-5059
-5253
-5057
-5057
-5055
-5053
-5053
-5052
-5052
-5045
-5044
-5044
-5044
-5044
-5043
-5043
-5043
-5040
-5040
-5040
-5038
-5037
-5036
-5033
-5033
-5031
-5031
-5030
-5029
-5029
-5029
-5026
-5025
-5020
-5018
-5018
-6754
-6754
-5564
-5018
-5014
-5011
-5011
-5040
-5040
-5040
-5010
-5010
-5004
-7535
-5004
-5001
-5001
-5000
-5000
-5000
-5000
-4997
-4996
-4991
-4989
-4985
-4982
-4977
-4977
-4977
-4977
-4975
-4975
-4968
-4968
-4968
-4965
-4964
-4961
-4960
-4952
-4952
-4952
-4951
-4951
-4947
-4946
-4946
-4946
-4943
-4943
-4943
-4941
-6333
-4941
-4938
-4938
-4938
-4935
-4935
-4934
-4933
-4932
-4931
-4928
-4926
-4926
-4921
-4921
-4920
-4920
-4920
-4917
-4917
-4915
-5334
-4911
-4911
-4911
-4911
-4910
-4907
-4902
-4902
-4897
-4895
-4895
-4893
-4889
-4885
-4884
-4876
-4872
-4872
-4871
-7990
-4867
-5426
-4863
-4863
-4861
-4860
-5053
-4859
-4857
-4855
-4855
-4850
-4850
-4848
-4848
-5402
-4846
-4846
-4845
-4845
-4845
-4845
-6018
-4837
-4836
-4836
-4836
-4836
-4835
-4835
-6437
-6070
-4833
-4831
-4827
-4825
-4825
-4825
-4825
-4822
-6434
-4820
-4819
-4819
-4815
-6685
-4815
-4815
-4813
-5152
-4812
-4811
-6107
-6107
-4808
-4808
-4807
-4807
-4807
-4806
-4802
-5351
-4801
-4801
-4801
-4801
-4800
-4799
-4798
-4798
-4798
-4798
-4794
-4792
-4791
-4785
-6324
-4784
-4779
-4779
-4778
-4777
-4776
-4776
-4770
-4770
-4768
-4763
-4763
-4763
-4762
-4759
-4759
-4755
-4753
-4752
-4749
-4746
-4744
-5842
-4744
-5098
-4741
-4741
-4741
-4740
-4738
-4737
-4737
-4736
-4736
-4734
-4733
-6008
-4729
-4726
-5483
-4935
-4724
-4717
-4717
-7489
-4714
-4713
-4709
-4709
-4703
-4703
-4701
-4698
-4696
-4693
-4690
-4688
-5345
-4686
-4686
-4686
-4686
-4686
-4685
-4685
-4683
-4682
-4679
-4679
-4670
-4667
-4667
-4666
-4664
-4664
-4662
-4662
-4656
-4652
-4652
-4649
-4643
-4643
-4641
-4639
-4639
-4639
-4635
-7934
-7418
-5158
-4633
-4633
-4633
-4621
-4620
-4619
-4617
-4615
-4615
-4615
-4613
-4613
-4613
-4613
-4613
-4612
-4612
-4607
-5995
-4911
-4605
-4604
-4601
-4601
-4600
-4600
-4599
-4599
-4596
-4594
-4593
-4593
-4593
-4591
-4585
-4583
-4582
-4582
-5803
-4580
-4804
-4580
-4578
-4573
-4572
-4572
-4572
-4567
-4566
-4566
-4565
-4563
-4563
-4561
-4560
-4557
-4557
-4555
-4553
-4553
-4553
-4552
-4551
-4548
-4545
-4543
-4543
-4543
-4539
-4538
-4537
-4530
-4529
-4529
-6693
-4726
-4528
-4704
-4524
-4522
-4934
-4520
-4519
-4517
-4516
-4515
-4515
-4512
-4512
-4512
-4512
-4512
-4512
-4511
-4511
-4511
-4510
-4508
-4508
-4508
-5779
-4508
-4508
-4508
-4507
-4505
-4505
-4504
-4503
-4501
-4501
-4501
-4494
-4491
-4490
-4490
-4490
-4487
-4485
-4485
-4483
-4483
-4845
-4567
-4480
-4479
-4478
-4477
-4477
-4740
-4474
-4474
-4474
-5399
-5399
-4694
-4473
-4472
-4472
-4472
-6428
-6428
-4874
-4470
-4470
-5523
-4467
-4467
-4467
-4466
-4466
-4460
-4765
-4459
-4459
-4459
-7514
-5283
-4457
-4457
-4453
-4451
-4451
-4451
-4451
-4450
-4450
-4450
-4449
-4447
-4447
-4446
-4444
-4444
-4442
-4438
-5119
-5119
-5119
-4438
-5750
-5240
-4557
-4557
-4438
-4436
-4435
-4435
-4435
-4428
-4428
-4424
-4423
-4423
-4423
-6223
-6223
-4422
-4421
-4878
-4420
-4420
-4417
-4416
-4414
-4414
-4414
-4414
-4410
-4410
-4410
-4409
-4407
-4407
-4407
-4856
-4401
-4399
-4399
-4393
-4393
-4393
-4391
-4391
-4390
-4390
-4390
-4388
-4387
-4386
-4386
-4386
-4383
-4383
-4383
-4379
-4379
-4378
-4378
-4377
-4375
-4375
-4375
-4374
-4373
-4370
-5463
-4369
-4369
-4369
-4363
-4363
-4363
-5144
-5144
-4361
-4358
-4357
-6786
-4357
-4357
-4357
-4354
-4350
-4348
-4348
-4345
-4344
-4344
-4341
-4339
-4339
-4339
-4339
-6763
-4330
-4326
-4326
-4326
-4326
-4322
-4322
-4322
-4322
-4321
-4321
-4321
-4319
-4319
-4319
-4318
-4315
-4314
-4314
-4311
-4311
-4309
-4301
-4300
-4300
-4300
-4300
-4300
-4297
-4297
-4297
-4297
-4291
-4288
-4288
-4288
-4286
-4286
-4285
-4284
-4284
-4284
-4284
-4282
-4281
-4277
-4277
-4277
-4277
-4275
-4274
-4274
-4274
-4274
-4274
-4270
-4905
-4266
-4266
-4564
-4564
-4266
-4888
-4888
-4888
-4263
-4262
-4262
-4262
-4261
-4261
-6922
-5198
-4260
-4258
-4256
-4255
-4249
-4643
-4371
-6513
-4248
-4247
-4247
-5790
-5567
-4247
-4247
-4246
-4246
-7163
-4245
-4244
-4243
-4243
-4242
-4241
-4240
-4238
-4238
-4238
-4236
-4235
-4233
-4230
-4228
-4227
-4227
-4227
-4227
-4224
-4223
-4223
-4223
-4219
-4218
-4218
-4217
-4215
-4215
-4215
-4214
-4214
-4213
-4212
-4211
-5077
-5077
-4239
-4239
-4208
-4207
-4874
-4207
-4435
-4206
-6351
-4679
-4204
-4203
-4202
-4200
-4200
-4200
-4200
-4200
-4200
-4199
-4199
-4199
-4198
-4193
-4193
-4191
-5616
-4186
-5861
-4182
-4182
-4182
-4182
-4182
-4912
-4180
-4180
-4179
-4169
-4166
-4166
-6396
-6396
-5156
-5156
-5156
-5156
-5156
-5156
-4163
-4163
-4162
-4161
-7292
-4160
-4159
-4781
-4156
-5363
-4154
-4152
-4149
-4149
-4147
-4147
-7218
-7218
-4147
-4147
-4145
-4144
-5481
-5200
-4143
-4143
-4143
-4140
-4140
-4139
-4136
-4134
-4134
-4133
-4133
-4133
-4133
-4131
-4131
-4128
-4126
-4126
-4125
-4123
-4123
-4122
-4118
-4116
-4113
-4110
-4108
-4106
-4106
-4104
-4103
-4347
-4102
-4102
-4102
-4102
-4099
-4099
-4099
-4099
-4099
-6573
-4095
-4092
-4091
-4091
-4090
-4077
-8043
-8043
-6084
-4075
-4073
-4073
-4073
-4068
-4068
-4068
-4067
-4066
-4065
-4064
-4064
-4061
-4060
-4059
-4056
-4055
-7118
-4053
-4053
-4049
-4049
-4048
-4042
-4037
-4037
-4037
-4034
-4034
-4033
-4030
-4030
-4030
-4030
-4030
-4280
-4219
-4219
-4029
-4026
-5067
-4021
-4021
-4015
-4015
-4011
-4011
-4011
-4010
-4010
-4009
-4009
-4009
-4009
-4009
-4006
-4004
-4003
-4003
-3994
-5705
-3990
-3990
-3990
-3987
-3987
-3987
-3987
-3985
-7131
-5832
-3983
-3983
-3982
-4504
-4504
-3979
-3978
-3978
-6098
-3976
-3975
-5670
-3974
-3973
-3973
-3973
-3970
-3970
-3970
-3970
-3970
-3968
-3968
-3967
-3966
-3965
-3962
-3961
-3960
-3958
-3955
-3955
-3955
-3952
-3951
-3951
-3950
-3946
-3941
-3941
-3941
-3939
-4724
-4569
-3939
-3939
-3936
-3936
-3932
-3928
-4493
-4493
-4493
-4493
-3927
-3927
-3927
-3926
-3925
-3923
-3923
-3922
-3921
-3921
-5177
-3920
-3920
-3917
-3917
-3916
-3916
-3916
-3915
-3911
-3910
-3909
-3906
-3901
-3901
-3901
-3901
-3901
-3899
-3899
-3899
-3899
-5232
-5012
-3896
-3896
-3894
-3894
-3893
-3892
-3891
-3890
-3890
-3890
-3887
-3886
-3886
-3883
-3882
-3878
-3874
-3871
-3869
-5329
-4923
-4309
-3879
-3879
-3869
-3869
-3866
-3865
-3861
-3861
-3861
-3860
-3859
-3857
-3856
-3856
-3855
-3855
-3854
-3854
-3850
-3850
-3849
-3849
-3848
-3847
-3847
-3847
-3847
-3847
-4171
-3846
-3841
-3841
-3841
-3840
-3839
-3839
-4024
-3839
-3839
-3839
-3834
-3834
-3831
-3831
-3830
-3830
-3828
-3823
-3822
-3822
-3822
-3817
-3817
-3816
-3814
-3812
-3810
-3809
-3809
-3806
-3806
-3806
-3804
-3804
-3804
-3804
-3802
-3801
-3800
-3800
-3798
-3796
-3795
-3795
-3793
-3793
-3789
-3789
-3787
-3785
-3785
-3785
-3784
-3784
-3778
-3778
-3777
-7234
-4742
-3776
-3773
-3773
-3771
-3771
-3771
-3771
-4121
-3771
-3765
-3764
-3762
-3762
-3762
-3762
-5063
-3762
-3762
-3758
-3758
-4277
-3749
-3749
-3749
-3749
-3745
-3745
-3743
-3743
-3741
-3741
-3741
-3741
-3736
-6095
-3736
-3735
-3730
-3729
-3728
-3728
-3728
-3728
-3726
-3725
-3725
-3711
-3710
-3710
-6042
-5042
-4799
-3709
-3703
-6993
-6525
-6391
-3701
-3701
-3699
-3699
-3697
-3696
-3695
-3694
-3693
-3693
-3692
-3692
-3692
-3688
-3685
-3685
-3685
-3684
-3684
-3683
-3678
-3678
-3677
-3676
-3675
-3675
-3674
-3674
-3674
-3670
-3670
-3666
-3664
-3663
-3663
-3663
-3663
-5696
-4563
-3657
-3657
-6659
-3654
-3654
-3653
-3652
-3652
-3651
-3651
-3647
-3647
-3643
-3643
-3640
-3638
-3637
-3637
-3634
-3632
-6814
-3631
-3630
-3630
-3630
-6131
-6131
-6131
-5000
-3877
-3629
-7322
-6266
-6266
-3627
-3627
-3625
-3625
-3625
-3622
-3622
-3620
-3614
-3614
-3611
-3609
-3609
-5804
-3608
-3608
-3608
-3607
-3607
-3607
-3603
-3603
-4810
-3603
-3603
-3601
-3597
-3597
-3595
-3595
-3595
-3594
-3587
-3587
-3585
-3584
-3584
-3583
-3583
-3582
-3582
-3582
-3582
-3582
-3582
-3581
-3581
-3579
-3579
-5112
-3579
-3578
-3578
-3578
-3578
-3577
-3577
-3576
-3572
-3569
-3569
-3568
-3567
-6007
-3566
-3565
-3565
-3565
-3565
-3563
-3563
-3555
-3553
-3553
-3551
-4171
-3551
-3551
-3551
-6121
-3547
-3547
-3547
-3547
-3547
-3547
-3546
-3544
-3544
-3538
-3538
-3536
-3535
-3534
-3533
-3531
-3531
-6093
-5438
-3530
-3527
-3527
-3526
-3525
-3525
-3525
-3519
-3518
-3515
-3512
-3511
-3511
-3511
-4165
-4165
-4165
-3510
-5135
-3509
-4016
-3556
-3508
-3507
-3507
-3504
-3501
-3499
-3499
-3496
-3495
-3495
-3495
-6086
-5289
-5289
-3490
-3490
-3489
-3489
-3486
-6951
-6414
-6100
-6100
-6100
-3482
-3480
-3478
-3473
-3473
-3473
-3470
-3469
-3465
-3465
-3461
-3461
-3461
-4900
-3458
-3458
-5981
-4620
-3908
-3908
-3458
-3458
-3458
-4954
-4054
-3484
-3455
-3454
-3453
-3452
-3452
-3450
-3450
-3450
-3450
-4639
-3449
-3448
-6021
-7633
-5088
-5088
-4785
-3445
-3445
-3445
-3439
-3439
-3439
-3439
-3439
-3439
-3439
-3439
-3439
-3438
-3438
-3438
-3438
-3437
-3436
-3436
-4936
-3436
-5801
-5261
-3435
-3435
-3432
-3431
-3431
-3430
-3430
-3429
-3426
-3426
-3426
-3425
-3425
-3424
-3423
-3423
-3421
-3420
-3420
-3419
-3417
-3417
-3417
-3411
-3411
-3411
-3409
-3409
-3406
-3403
-3403
-3403
-3400
-3400
-3399
-3399
-3399
-3398
-3398
-3398
-3398
-3398
-3396
-3396
-3396
-3395
-3394
-3394
-4239
-4239
-3398
-3398
-3393
-3393
-3393
-3393
-3393
-3391
-3391
-3389
-3387
-3387
-3387
-3386
-3386
-3385
-3383
-3383
-3383
-3382
-3378
-3608
-3608
-3377
-3377
-3376
-3375
-3375
-3375
-4393
-4393
-3375
-3372
-3372
-3370
-3369
-3369
-3369
-3369
-3365
-3359
-3359
-3359
-3359
-3358
-3358
-3357
-3357
-3357
-3356
-3356
-3355
-3355
-3355
-3354
-3353
-3352
-3350
-3350
-3350
-3350
-3348
-3345
-3345
-3343
-3343
-3343
-3342
-3341
-3341
-3337
-3337
-5447
-4758
-3337
-3330
-3330
-3330
-3328
-4737
-3328
-3326
-3326
-3326
-3325
-3325
-3324
-3324
-3323
-3321
-3321
-3319
-3319
-3318
-3318
-3318
-3316
-3316
-3314
-3314
-3314
-3310
-3309
-3309
-3309
-3309
-3307
-3305
-3305
-3303
-3302
-3300
-3300
-3294
-3294
-3291
-3290
-3290
-3290
-3290
-3290
-3287
-3286
-3286
-3286
-3282
-3276
-3273
-3272
-3270
-3270
-3270
-3268
-3268
-3266
-3267
-3266
-3266
-4244
-3264
-3264
-3263
-3260
-3260
-3257
-3257
-3256
-3256
-6871
-6483
-3255
-3250
-3247
-3246
-3245
-3245
-3245
-3245
-3245
-3245
-3244
-3242
-5509
-5509
-5509
-5509
-3241
-3240
-3235
-3234
-3231
-3228
-3228
-3228
-3228
-3223
-3222
-3222
-3221
-3219
-3217
-3216
-3216
-4325
-3215
-3212
-3212
-3212
-3212
-6825
-5294
-3209
-3209
-3208
-3206
-3203
-3203
-3203
-3202
-3202
-3196
-3950
-3196
-3196
-3196
-4597
-4597
-3512
-3192
-3190
-3190
-3188
-3188
-3188
-3188
-3186
-3186
-7101
-7101
-3185
-3184
-3184
-3183
-3183
-3183
-3183
-3183
-3180
-3175
-6072
-3174
-3174
-4876
-4342
-3781
-3781
-3551
-3173
-3166
-3166
-3165
-3727
-3727
-3727
-3498
-3498
-3165
-3164
-3162
-3162
-3154
-3153
-3153
-3149
-3146
-3146
-3146
-3146
-3145
-3145
-3145
-3145
-3142
-3921
-3921
-3139
-3139
-3138
-3136
-3136
-3136
-3136
-3136
-3136
-3135
-3134
-3133
-3130
-3130
-3130
-3128
-3644
-3644
-3125
-3121
-3121
-3119
-3116
-3116
-4378
-3265
-3114
-3114
-3114
-3114
-3112
-3106
-4287
-3104
-3103
-3099
-3099
-3098
-3098
-3098
-3098
-3097
-3097
-3097
-3097
-3096
-3096
-3095
-3093
-3092
-3091
-3228
-3088
-3088
-3088
-3088
-5300
-3087
-3087
-5363
-3087
-3086
-3083
-3083
-3083
-3078
-6123
-3203
-3077
-3072
-3072
-3070
-3068
-5994
-3068
-3068
-3068
-3068
-3068
-3068
-3671
-3068
-3067
-3063
-3062
-3060
-3060
-3059
-3059
-3059
-3058
-3058
-3058
-3058
-3056
-3056
-3056
-3051
-3050
-3208
-3049
-3049
-3048
-3048
-3048
-3047
-3046
-3046
-3046
-3046
-3046
-3046
-5458
-4525
-5162
-5162
-3045
-3045
-3045
-3045
-3044
-3041
-3039
-3039
-3039
-3724
-3037
-3031
-3029
-3029
-3027
-3025
-3025
-5301
-3025
-3023
-3022
-3022
-3017
-3015
-3011
-3009
-3008
-3008
-3007
-3007
-3005
-3003
-3003
-6325
-6325
-3003
-3003
-3003
-3003
-3003
-3003
-3002
-3002
-3722
-3722
-3517
-3001
-3001
-3000
-3000
-3000
-2999
-2999
-2998
-2998
-2998
-2998
-2997
-2995
-2995
-2995
-2995
-2993
-2993
-2993
-2990
-3878
-3878
-2988
-2988
-2988
-4464
-3531
-2985
-2984
-2984
-2984
-2984
-2984
-2984
-2984
-2984
-2984
-2984
-2983
-2983
-2983
-2983
-2983
-2981
-2981
-2981
-2981
-2980
-2977
-2976
-2976
-2976
-2974
-2973
-2971
-2970
-2968
-2968
-2968
-2968
-2968
-4995
-3390
-3390
-3390
-2963
-2963
-2962
-2962
-2958
-2957
-2957
-2956
-2953
-2953
-2952
-2950
-2949
-2947
-2947
-2944
-2942
-2942
-2939
-2938
-2938
-2937
-2933
-3819
-3194
-3194
-3194
-3194
-3194
-3194
-2932
-2932
-7196
-2931
-2930
-2929
-2927
-2925
-2924
-2924
-2923
-2923
-2923
-3535
-2923
-3527
-3527
-3527
-3238
-2916
-2916
-2911
-2911
-2911
-2911
-2911
-2911
-2908
-2905
-2900
-2900
-2899
-2898
-2890
-2888
-2884
-2884
-2881
-2880
-6597
-3109
-3064
-3064
-3064
-2879
-2879
-2879
-2879
-2879
-2879
-2876
-2876
-2874
-2874
-2870
-2870
-2870
-2870
-2864
-2864
-2864
-2863
-2862
-2860
-2860
-3006
-2858
-2858
-2858
-2858
-2858
-2857
-2857
-2853
-2853
-2853
-2851
-2850
-2850
-2840
-2840
-2834
-2832
-6879
-5590
-2832
-2831
-2830
-2829
-2828
-2828
-2828
-2828
-5138
-5021
-5021
-2827
-2827
-2827
-2827
-2827
-2824
-2818
-2817
-2816
-2815
-2815
-2815
-2814
-2814
-2813
-2813
-2813
-3912
-2812
-3130
-2811
-2811
-2811
-2806
-2804
-2804
-2804
-2799
-2799
-2796
-2796
-2796
-2795
-2794
-7328
-2793
-2793
-3904
-3562
-3562
-2791
-3587
-3093
-2791
-2790
-3442
-2789
-2788
-2788
-3661
-2788
-2785
-2785
-5023
-3471
-2785
-2785
-2784
-2783
-2783
-2783
-2783
-2783
-2782
-2782
-2782
-2782
-2782
-2782
-2781
-2781
-2781
-2781
-2779
-2776
-2775
-2774
-2774
-4520
-2773
-2773
-2770
-2768
-2766
-2760
-2760
-2755
-2755
-2754
-2754
-2754
-2754
-2754
-2753
-2751
-2742
-2742
-2742
-2742
-2741
-2741
-3175
-3175
-2734
-4567
-2734
-2734
-2734
-2734
-2733
-2733
-2733
-2731
-2731
-2731
-6624
-2730
-2730
-2730
-2730
-2730
-2730
-2730
-2730
-2730
-2726
-2725
-2775
-2775
-2722
-2722
-2722
-2722
-2722
-2722
-2721
-2720
-2718
-2718
-2718
-2718
-2712
-2711
-2710
-2710
-2710
-2707
-2705
-2703
-2702
-2700
-2698
-2698
-2697
-2697
-2697
-2918
-2697
-2695
-2691
-2691
-2688
-2688
-2688
-4520
-2687
-2687
-2687
-2682
-2682
-2682
-2681
-2679
-2679
-2679
-2679
-2677
-2676
-2675
-2674
-2674
-2673
-2672
-2672
-2672
-2672
-2672
-2672
-2672
-2671
-2671
-2671
-2670
-2670
-2670
-2667
-2667
-5318
-5318
-4356
-3179
-3179
-2666
-2666
-3759
-2665
-2664
-2663
-2663
-2662
-2662
-2662
-2661
-2661
-2661
-2661
-2660
-2660
-2659
-2659
-2656
-2656
-2656
-2655
-2655
-2655
-2653
-2650
-2650
-2648
-2647
-2647
-2647
-2647
-2646
-2646
-2646
-2645
-2642
-2641
-2641
-2641
-2641
-2641
-2639
-2638
-2638
-2638
-2638
-2638
-2638
-2636
-2633
-2632
-2631
-2630
-2630
-2630
-2630
-2630
-2630
-2630
-2630
-2629
-2629
-2629
-2629
-2629
-2627
-2626
-4884
-3866
-2614
-2614
-2612
-2612
-2612
-2612
-2612
-2611
-2609
-2608
-2608
-2608
-2608
-2607
-2607
-2605
-5587
-5587
-5587
-2603
-2602
-2602
-2601
-2601
-2598
-2598
-2598
-2709
-2595
-2595
-2588
-2588
-2588
-2586
-2583
-2583
-2577
-2572
-2571
-2571
-2571
-2571
-2570
-2568
-8036
-2668
-2668
-2565
-2565
-2565
-2564
-5438
-5438
-2561
-2561
-2558
-3260
-2557
-2554
-2554
-2554
-2554
-2553
-2553
-2553
-2549
-2549
-2549
-2548
-2548
-2546
-2546
-2545
-2545
-2545
-2541
-2540
-2540
-2540
-2540
-4648
-3590
-2538
-2538
-5940
-2536
-2536
-2536
-2536
-2535
-2535
-2535
-2534
-2533
-2533
-2532
-2532
-2532
-2532
-2531
-2531
-2531
-2528
-2528
-2528
-2528
-2528
-2527
-2520
-2520
-2519
-2519
-2518
-2516
-2516
-2514
-2512
-2512
-2512
-2512
-2512
-2512
-2511
-2510
-2508
-2508
-2503
-2503
-2498
-2498
-2498
-2498
-2497
-2497
-2497
-2497
-2497
-2493
-2491
-2491
-2491
-2490
-2489
-2488
-2486
-2486
-2486
-2485
-2484
-6392
-2484
-2480
-2475
-2473
-2473
-2470
-2470
-2470
-2466
-2465
-2464
-2464
-2463
-2463
-2461
-2461
-2460
-2460
-2460
-2460
-2460
-2456
-2455
-2455
-2454
-2453
-2453
-2453
-2453
-2451
-3842
-2450
-2450
-2445
-2445
-2444
-2443
-2443
-2442
-2442
-2441
-2441
-2439
-2439
-2432
-2432
-2431
-5432
-4621
-2429
-2428
-2427
-2426
-2426
-2426
-2426
-2425
-2425
-2425
-2425
-2425
-2423
-2423
-2421
-2421
-2421
-4781
-4182
-2419
-6448
-6448
-2418
-2418
-2413
-2412
-2410
-2410
-2410
-2409
-2408
-2408
-2406
-2406
-2404
-2404
-2403
-2401
-2397
-2396
-2395
-2395
-2394
-2394
-2394
-2394
-2394
-2393
-2392
-2392
-2387
-2383
-2380
-2379
-2376
-2376
-2374
-2372
-2372
-2372
-2371
-2370
-2369
-2367
-3805
-2366
-2366
-2361
-2361
-2359
-2359
-2357
-2357
-3600
-2355
-2355
-2355
-2355
-5949
-4635
-2354
-2352
-2350
-4166
-3860
-2348
-2348
-2348
-2347
-2347
-2347
-2347
-2346
-2807
-2346
-2346
-2345
-4153
-2986
-2986
-2344
-2344
-2344
-5666
-2344
-2344
-2344
-2342
-2342
-2342
-2341
-2338
-2333
-2333
-2333
-2333
-3417
-2332
-2332
-2331
-2331
-2331
-2328
-2328
-2327
-2327
-2327
-2327
-5921
-2326
-2326
-2324
-2321
-2321
-2321
-2321
-2320
-2319
-2319
-2319
-2319
-2319
-2319
-2318
-2318
-2318
-2318
-2317
-2317
-2317
-2317
-2314
-2314
-2314
-2311
-2310
-2310
-2310
-2310
-2310
-2310
-2308
-2304
-2303
-2303
-2303
-2302
-2302
-2302
-2302
-2297
-2295
-2295
-2293
-2292
-2291
-2290
-2290
-2290
-2288
-2288
-2288
-2288
-2284
-2284
-2282
-2282
-3981
-3981
-2958
-2282
-2282
-2282
-2280
-2279
-2279
-2278
-2277
-2277
-2277
-2277
-2277
-2275
-2274
-2274
-2274
-2271
-7105
-5407
-2270
-2270
-2270
-2270
-2269
-2269
-2269
-2269
-2267
-2267
-2267
-2267
-2267
-2264
-2264
-2264
-2263
-2263
-2262
-4125
-3971
-2261
-2258
-2258
-2256
-2254
-2254
-2254
-2254
-2254
-2253
-2253
-2253
-2253
-2253
-2253
-2253
-2253
-2250
-2250
-2249
-2248
-2247
-2246
-2245
-2245
-2243
-2243
-2242
-2242
-2242
-2240
-2240
-2239
-2236
-2229
-2227
-2227
-2227
-2227
-2227
-2226
-2223
-2223
-2677
-2221
-2216
-2216
-2215
-2214
-2214
-2208
-2204
-2203
-2203
-2202
-2201
-2201
-2201
-2200
-2196
-2195
-2195
-2194
-2194
-2194
-2194
-2189
-2189
-2188
-2185
-2185
-2951
-2951
-2951
-2951
-2183
-2182
-2182
-2182
-2181
-2180
-2180
-2180
-2175
-2175
-2175
-2175
-2175
-2175
-2175
-2172
-2172
-2172
-2172
-2171
-2171
-2171
-2171
-2171
-6193
-2170
-2170
-2170
-2168
-2165
-2165
-2165
-2165
-2162
-2162
-2162
-2162
-2158
-2158
-2158
-2156
-2156
-2156
-2156
-2153
-2153
-2153
-2152
-2151
-2148
-2144
-2144
-2144
-2143
-2142
-2142
-2142
-2141
-2141
-2141
-2140
-2138
-2138
-2136
-2182
-2131
-2131
-2131
-2131
-2131
-2131
-2129
-2128
-2128
-2128
-2127
-2127
-2126
-2126
-2126
-2126
-2126
-2126
-2126
-2124
-2122
-2122
-2122
-2121
-2118
-2115
-2115
-2115
-2115
-2114
-2111
-2110
-2110
-2109
-2109
-2108
-2106
-2106
-2105
-2103
-2101
-3377
-2682
-5126
-5126
-2623
-2101
-2101
-4972
-4972
-3193
-3193
-2099
-2099
-2099
-2097
-2095
-2094
-2093
-2092
-2092
-2092
-2091
-2091
-2090
-2090
-2088
-2084
-2083
-2082
-2077
-2070
-2070
-5065
-2070
-2070
-2070
-2070
-2067
-2064
-2062
-6244
-4614
-2061
-2061
-2061
-2061
-2061
-4640
-2709
-2622
-2622
-2059
-2059
-2058
-2058
-2058
-2057
-2057
-2057
-2057
-2057
-2057
-2057
-2057
-4867
-3289
-3289
-2054
-2053
-2053
-2049
-2049
-2048
-2048
-2048
-2047
-2979
-2045
-2045
-2045
-2043
-2043
-2043
-2043
-2043
-2043
-2043
-2043
-2043
-2042
-2041
-2040
-2040
-2040
-2038
-2035
-2033
-2032
-2032
-2835
-2835
-2031
-2030
-2028
-2028
-2028
-2028
-2919
-2919
-2028
-2026
-2026
-2023
-2023
-2023
-2023
-2023
-2018
-2018
-2016
-2016
-3242
-2151
-2151
-2151
-2016
-2015
-2015
-2419
-2015
-2015
-2015
-2014
-2014
-2014
-2014
-2013
-2011
-2007
-2004
-2004
-2004
-2004
-3212
-2004
-2003
-2003
-2003
-2003
-2003
-1998
-1997
-1996
-1995
-1995
-1995
-2344
-2344
-2344
-1994
-1990
-1990
-1990
-1987
-1987
-1987
-1987
-1984
-1982
-1982
-1982
-1981
-1980
-1980
-1978
-1978
-1978
-1978
-1976
-1975
-3333
-1973
-1973
-1973
-1973
-1971
-1971
-1968
-1968
-1968
-1967
-1966
-1966
-1966
-1966
-1964
-1964
-1964
-1964
-1964
-1964
-1964
-1964
-1964
-1964
-1964
-1959
-1958
-6106
-4029
-1955
-1954
-1954
-1954
-1954
-1953
-1948
-1948
-1944
-1944
-1943
-1943
-1942
-1942
-1941
-1938
-1938
-1936
-1934
-1932
-1931
-1929
-1925
-1923
-1923
-1923
-1923
-1923
-1923
-1923
-2129
-1923
-1923
-3188
-3188
-1921
-1921
-1921
-1921
-1921
-1921
-1921
-1919
-1919
-6720
-5494
-1917
-1917
-1917
-1914
-2939
-2862
-1913
-1911
-1910
-1910
-1910
-1910
-1909
-1909
-1909
-1909
-1909
-1908
-1907
-1907
-1905
-1905
-1903
-1903
-1901
-1901
-1901
-1899
-1898
-1898
-1896
-2662
-2662
-1896
-1896
-1896
-1895
-1893
-1889
-2099
-1889
-1889
-1889
-1889
-1883
-1883
-1883
-1883
-1882
-1882
-1882
-4672
-4497
-4397
-3991
-3991
-2418
-1882
-1879
-2945
-2945
-2945
-2945
-2539
-2539
-2493
-2930
-2930
-2930
-2897
-2538
-1875
-1874
-1874
-1872
-1872
-1871
-1870
-1869
-1869
-1868
-5569
-1867
-1866
-1866
-1866
-1866
-1865
-1865
-1865
-1863
-1859
-1859
-1859
-1857
-3546
-1856
-1855
-1854
-1854
-1849
-1849
-1849
-1849
-1847
-1847
-1847
-1847
-1845
-1845
-1845
-1843
-1843
-6919
-1842
-1841
-1841
-1837
-1833
-1833
-1832
-1832
-1831
-1830
-1829
-1823
-1822
-1822
-1820
-1820
-1820
-1815
-1815
-1813
-1813
-1810
-1808
-1808
-1808
-1807
-1807
-1806
-1804
-1804
-2685
-2685
-2685
-2685
-2131
-1804
-1803
-1803
-1803
-1803
-1803
-1803
-1802
-1802
-1802
-1802
-1802
-5924
-5181
-5181
-1799
-1799
-1798
-1798
-2878
-1795
-4187
-1795
-1795
-1795
-1793
-1791
-1791
-1791
-1789
-1788
-1788
-1786
-1786
-1786
-1783
-1783
-1783
-1783
-1783
-1783
-1782
-1781
-1781
-3133
-1780
-1865
-1865
-1865
-1779
-1779
-1778
-1777
-1774
-1768
-1768
-1768
-1768
-1764
-1764
-1764
-2323
-1764
-1763
-1762
-2929
-1761
-1761
-1755
-1753
-1753
-4587
-4587
-1751
-1751
-1750
-1750
-1749
-1749
-1749
-1748
-1748
-1748
-1748
-1748
-1748
-1746
-1746
-1746
-1745
-1745
-1745
-1743
-1742
-1741
-1741
-1741
-1741
-1741
-1741
-1741
-1740
-1740
-1732
-1731
-1731
-1727
-1727
-1727
-2309
-2309
-2309
-1725
-1725
-1724
-1724
-1724
-1724
-1722
-1722
-1720
-1718
-1718
-1718
-1718
-1718
-1718
-1715
-1710
-5585
-3970
-1710
-1708
-1707
-1707
-1700
-1700
-1699
-1699
-1699
-1699
-1699
-1699
-1698
-1698
-1698
-1697
-1695
-1694
-1694
-1694
-5001
-2883
-1693
-1691
-1691
-1690
-1690
-3590
-3590
-3590
-3590
-1687
-1684
-1684
-1684
-1682
-1682
-1681
-1680
-1679
-1679
-1679
-1678
-1678
-1678
-1678
-1678
-2137
-1677
-1677
-1677
-3343
-2856
-2856
-1677
-1672
-1671
-1671
-1671
-1671
-1669
-1669
-1667
-8169
-5992
-1667
-1667
-1667
-1667
-1666
-1666
-1664
-1664
-1664
-1664
-1664
-1664
-1664
-1664
-1663
-1663
-1659
-1655
-1655
-1655
-1655
-1655
-3719
-1654
-1654
-1654
-1652
-1652
-1718
-1647
-1647
-1646
-1646
-1645
-1645
-1644
-1643
-1642
-1642
-1642
-1640
-1639
-1639
-1639
-1638
-1638
-1638
-1637
-1637
-1636
-1636
-1636
-1636
-1632
-1631
-1631
-1631
-1631
-1629
-2692
-1629
-1628
-4757
-1627
-1626
-1626
-1626
-1626
-2920
-1626
-1623
-1623
-1623
-1623
-1623
-1623
-1623
-1623
-1622
-1621
-1620
-1620
-1620
-1619
-1618
-1617
-1615
-1615
-1609
-1606
-1605
-1604
-1604
-1604
-1604
-1604
-1603
-1603
-1601
-1598
-1598
-1598
-1598
-5111
-5111
-5111
-3423
-2560
-1594
-1593
-1590
-1590
-1589
-1589
-1587
-1587
-1587
-1587
-1587
-1583
-1583
-1581
-1581
-1579
-1574
-1570
-1568
-1568
-1568
-1568
-1565
-1565
-1563
-1562
-1562
-3118
-1858
-1858
-1858
-1561
-1561
-1560
-1559
-1559
-1557
-1556
-1556
-1556
-1555
-1554
-1554
-1553
-1553
-1553
-1552
-1552
-1552
-1547
-1547
-1546
-1546
-1546
-1546
-1546
-1544
-1544
-1541
-1541
-1541
-2825
-1540
-1540
-1540
-1539
-1539
-3630
-3630
-1959
-1539
-3657
-3657
-2157
-1538
-1538
-1535
-1535
-1535
-1533
-1532
-1531
-1531
-1530
-1530
-1530
-1529
-1529
-1529
-1529
-1529
-1529
-1528
-1528
-1524
-1524
-3179
-3179
-3179
-1521
-1520
-1519
-1519
-1517
-1514
-1511
-1511
-1511
-1511
-1511
-1510
-1510
-1509
-1509
-1508
-5043
-8210
-8164
-1507
-1507
-2931
-2931
-2120
-1506
-1505
-1505
-1503
-1502
-1499
-1499
-4160
-3843
-1497
-1497
-1858
-1497
-1497
-1497
-5918
-3632
-2606
-1495
-1495
-1495
-4591
-3686
-2951
-1494
-1494
-1494
-1492
-1492
-1491
-1491
-1491
-2962
-2780
-1490
-1490
-1489
-1489
-1486
-1486
-1486
-1486
-1486
-1486
-1486
-1486
-1486
-1485
-1485
-4830
-1484
-1484
-2863
-2863
-2863
-1483
-1483
-1480
-3932
-1479
-1479
-1479
-1479
-1479
-5580
-5580
-4703
-1681
-1681
-1477
-1476
-1476
-1476
-1476
-1476
-1475
-1475
-1475
-1475
-1474
-1471
-1471
-1471
-1471
-1470
-1470
-1469
-1469
-1469
-1469
-1468
-1465
-2363
-2363
-1464
-1464
-1461
-1461
-1457
-1457
-1457
-1454
-3677
-3677
-2689
-2689
-2689
-2689
-2689
-2689
-2689
-2689
-2689
-1454
-1449
-1449
-1446
-1446
-1446
-1443
-1441
-1441
-1441
-1438
-1438
-1438
-1435
-1435
-1433
-1433
-1433
-5120
-5120
-3335
-1432
-1432
-1432
-1429
-1429
-1429
-1429
-1429
-1429
-1429
-1429
-1429
-5122
-5122
-3327
-1604
-1604
-1604
-1428
-1428
-1428
-1427
-1427
-1427
-1425
-1423
-1422
-1422
-1421
-1421
-1421
-1416
-1416
-1416
-1416
-1416
-1413
-1413
-1413
-1411
-4406
-3482
-2769
-1411
-1410
-1409
-1408
-1406
-1406
-1405
-1405
-1502
-1405
-1405
-1402
-1401
-1401
-1399
-1399
-1399
-1397
-1395
-1394
-1394
-1394
-1393
-1393
-1393
-1393
-1392
-1392
-1390
-1389
-1389
-1388
-1384
-1383
-1383
-1380
-1380
-1380
-1379
-1379
-1379
-1379
-1379
-1379
-1376
-1376
-1373
-1373
-1373
-1373
-1699
-1699
-1372
-1372
-1370
-1370
-1370
-1370
-1367
-1366
-1363
-1363
-1359
-1358
-1357
-1356
-1356
-1356
-1356
-1356
-1356
-1356
-1356
-1354
-1469
-1354
-1354
-1354
-1354
-1352
-1351
-1351
-1350
-1350
-1346
-1346
-1346
-1346
-1343
-1343
-1343
-1340
-1340
-1340
-1340
-1340
-1340
-1340
-1339
-1338
-1336
-1335
-1333
-1332
-1329
-1327
-1327
-1327
-1327
-1326
-3924
-3362
-4138
-1323
-5297
-1322
-6617
-5676
-4464
-1322
-1322
-1317
-1317
-1317
-1316
-1314
-1313
-1313
-1312
-1312
-1312
-1312
-1312
-1311
-1311
-1311
-1310
-3390
-3390
-1310
-1310
-1309
-1309
-1309
-1308
-1308
-1308
-1308
-1307
-1307
-1306
-1306
-1305
-1305
-1305
-1303
-2196
-1834
-1301
-1301
-1301
-1301
-1301
-1301
-1301
-1301
-1301
-1301
-1301
-1301
-1301
-1300
-1300
-1300
-1300
-1299
-1299
-1299
-1299
-1299
-1299
-1298
-1298
-1298
-1297
-1297
-1294
-1294
-1294
-1292
-1292
-1292
-1292
-1287
-1287
-1287
-1287
-1286
-1286
-2104
-2104
-2104
-1281
-1281
-1280
-1280
-1280
-1279
-1279
-1279
-1278
-1278
-1278
-1277
-1276
-1275
-1273
-1273
-1267
-1266
-1264
-1260
-1259
-1259
-1257
-1256
-1256
-1256
-1256
-1254
-1254
-1254
-1254
-1252
-1252
-1247
-2590
-2590
-2590
-1246
-1245
-1245
-1245
-1245
-1244
-1243
-1242
-1240
-1240
-1240
-1240
-1240
-1240
-1239
-1237
-1237
-5201
-5201
-1237
-1236
-1236
-1235
-1234
-1234
-1234
-1234
-2060
-1234
-1234
-1233
-1233
-1233
-1232
-1232
-1232
-1232
-1232
-1232
-1231
-1231
-1231
-1230
-1230
-1226
-1224
-1224
-1219
-1219
-1218
-1218
-1217
-5226
-1964
-1215
-1215
-1214
-1213
-1212
-1212
-1212
-1210
-1210
-1210
-1208
-1208
-1207
-1203
-1201
-1200
-1199
-1194
-1193
-1193
-1193
-1192
-1192
-1191
-1191
-1191
-1191
-4152
-2546
-2546
-2546
-1998
-1998
-1191
-1191
-1191
-1191
-1191
-1188
-1184
-1184
-1184
-1183
-1183
-1181
-1181
-1181
-1181
-1178
-1178
-1178
-1177
-1177
-1175
-1173
-1173
-1173
-1173
-1173
-1173
-1171
-1171
-1171
-1171
-1171
-1169
-1169
-1169
-1169
-1166
-1166
-1166
-1166
-1166
-1166
-1165
-1165
-1164
-1164
-1164
-2295
-2295
-1778
-1164
-1163
-1163
-1163
-1163
-1259
-1259
-1259
-1259
-1162
-1162
-1162
-3513
-3513
-1697
-1162
-1162
-1161
-1161
-1160
-1160
-1160
-1160
-1157
-1157
-1154
-1151
-1150
-1149
-1149
-1149
-3379
-1148
-1147
-1147
-1143
-1142
-5875
-2748
-1141
-1138
-3668
-3668
-1137
-1136
-1136
-1136
-1135
-1135
-1134
-1133
-1133
-1133
-1133
-1133
-1133
-1131
-1131
-1129
-1128
-1128
-1124
-1124
-1124
-1123
-1123
-1121
-1120
-1120
-1120
-1120
-1120
-1120
-1120
-1118
-1118
-1118
-1118
-1117
-1117
-1116
-1116
-1115
-1115
-1115
-1115
-1114
-1114
-1112
-1112
-1112
-1111
-1109
-1109
-1106
-1103
-1103
-1100
-1100
-1100
-1100
-1100
-1100
-1099
-6460
-3507
-1098
-1095
-1095
-1095
-1094
-1092
-1091
-1091
-1091
-1091
-1089
-1089
-1089
-1088
-1088
-1088
-1087
-1087
-1087
-1086
-1086
-1086
-1086
-1086
-1086
-1085
-3018
-1085
-1085
-1085
-1085
-1085
-1085
-1084
-1082
-1080
-5980
-1080
-1078
-1078
-1078
-1078
-1078
-1078
-1078
-1078
-1078
-1077
-1077
-1077
-1076
-1076
-1076
-1076
-1076
-1075
-1075
-1075
-1075
-1075
-1075
-4491
-2693
-2693
-1075
-1075
-1075
-1075
-2058
-1075
-1074
-1074
-1071
-1071
-1071
-1071
-1071
-1070
-1061
-1059
-1056
-1056
-1056
-1055
-1053
-1053
-1053
-1053
-1052
-1052
-3050
-1051
-1051
-1051
-1051
-1049
-1049
-1049
-1048
-1048
-1045
-1043
-1042
-1042
-1042
-1041
-1041
-1040
-1037
-4287
-4287
-1036
-1036
-1036
-1036
-1036
-1036
-1035
-1035
-1035
-1035
-1034
-1032
-1032
-1032
-1032
-1032
-1031
-1028
-1028
-1028
-1027
-1027
-1027
-1027
-1026
-1025
-1023
-1023
-1023
-1019
-1016
-1016
-1016
-1015
-1015
-1013
-1013
-1013
-1012
-1012
-1011
-1011
-1009
-1009
-1009
-1006
-1006
-1006
-1005
-1005
-1004
-1004
-1003
-1003
-1524
-1480
-1480
-1480
-1000
-1000
-1000
-1000
-1000
-1000
-1000
-1000
-1000
-999
-997
-993
-993
-993
-992
-992
-989
-988
-988
-988
-988
-988
-988
-986
-985
-985
-985
-985
-984
-984
-982
-982
-982
-981
-981
-980
-980
-980
-980
-980
-978
-976
-974
-974
-973
-973
-963
-963
-963
-959
-959
-959
-959
-958
-957
-956
-956
-956
-956
-956
-956
-956
-954
-953
-953
-953
-951
-4114
-4114
-4114
-951
-950
-950
-1356
-949
-949
-949
-949
-949
-949
-948
-947
-947
-947
-944
-944
-944
-942
-934
-934
-934
-933
-931
-931
-931
-931
-929
-929
-928
-927
-925
-925
-924
-924
-924
-924
-922
-922
-922
-921
-1391
-1391
-1391
-1391
-1389
-919
-919
-919
-917
-917
-5069
-4756
-1692
-1650
-1650
-917
-917
-916
-916
-915
-915
-915
-914
-914
-914
-914
-914
-914
-914
-914
-914
-910
-909
-909
-909
-903
-903
-899
-897
-897
-896
-896
-894
-894
-1212
-1212
-1212
-894
-894
-4119
-893
-892
-892
-890
-890
-890
-890
-890
-890
-890
-888
-887
-887
-887
-887
-885
-885
-885
-885
-884
-884
-884
-883
-883
-883
-883
-883
-883
-883
-1377
-880
-880
-880
-880
-877
-877
-877
-876
-874
-874
-874
-874
-873
-872
-872
-871
-2619
-2465
-2465
-1598
-870
-870
-869
-868
-868
-865
-865
-865
-865
-865
-862
-862
-862
-862
-862
-861
-861
-861
-861
-860
-860
-3857
-3857
-919
-859
-859
-859
-857
-857
-857
-855
-855
-2807
-851
-4498
-3336
-850
-850
-850
-850
-850
-850
-849
-849
-849
-848
-847
-846
-846
-846
-845
-845
-845
-843
-841
-839
-839
-839
-838
-838
-838
-837
-837
-836
-836
-836
-836
-836
-836
-833
-830
-830
-828
-826
-826
-1140
-826
-826
-826
-826
-825
-824
-824
-824
-6049
-823
-823
-820
-820
-818
-818
-815
-3701
-1292
-1292
-1292
-1292
-814
-814
-813
-813
-813
-809
-809
-804
-803
-803
-803
-803
-802
-800
-800
-798
-797
-797
-797
-797
-797
-795
-795
-795
-795
-794
-793
-793
-789
-789
-787
-787
-785
-783
-783
-781
-781
-781
-778
-775
-775
-775
-775
-770
-770
-770
-769
-769
-768
-768
-768
-766
-765
-765
-765
-765
-765
-765
-765
-765
-765
-765
-765
-764
-764
-1525
-764
-764
-764
-764
-764
-764
-763
-763
-762
-762
-762
-761
-1922
-1922
-757
-757
-757
-755
-755
-755
-753
-752
-752
-752
-752
-750
-750
-750
-750
-750
-748
-748
-747
-745
-745
-745
-745
-744
-743
-743
-742
-740
-740
-740
-740
-739
-739
-738
-736
-736
-736
-736
-735
-735
-735
-735
-2428
-2428
-1219
-733
-733
-732
-732
-730
-730
-730
-730
-730
-730
-730
-730
-730
-725
-724
-724
-724
-724
-724
-724
-723
-723
-722
-722
-722
-722
-722
-719
-719
-715
-715
-709
-706
-706
-706
-704
-704
-703
-703
-703
-703
-702
-702
-702
-702
-700
-700
-700
-699
-695
-695
-694
-694
-694
-694
-694
-691
-691
-691
-691
-691
-691
-690
-690
-690
-687
-687
-687
-683
-683
-683
-683
-683
-683
-683
-681
-680
-680
-680
-1194
-679
-679
-678
-678
-677
-675
-675
-674
-674
-672
-671
-813
-813
-813
-670
-670
-670
-670
-670
-670
-670
-668
-668
-667
-667
-667
-663
-663
-662
-660
-660
-658
-658
-658
-658
-658
-657
-657
-657
-657
-657
-655
-654
-654
-653
-651
-650
-650
-649
-649
-649
-649
-649
-649
-649
-648
-647
-647
-646
-646
-646
-644
-644
-643
-642
-642
-642
-642
-642
-642
-642
-642
-642
-641
-641
-637
-636
-636
-633
-3627
-633
-632
-632
-632
-629
-629
-626
-626
-626
-625
-622
-621
-621
-621
-621
-621
-621
-621
-1336
-1336
-620
-620
-620
-620
-5321
-2637
-2637
-2637
-620
-620
-620
-618
-618
-618
-618
-618
-617
-617
-617
-615
-614
-614
-614
-614
-614
-613
-613
-613
-613
-613
-613
-613
-611
-611
-609
-608
-607
-607
-607
-607
-4993
-2416
-2416
-2416
-2416
-2416
-606
-606
-606
-606
-605
-604
-603
-8397
-3495
-3495
-2577
-782
-602
-599
-599
-599
-594
-594
-594
-593
-593
-593
-593
-593
-592
-592
-591
-591
-591
-591
-585
-585
-585
-585
-585
-585
-585
-583
-583
-581
-581
-581
-581
-581
-580
-579
-578
-578
-578
-578
-578
-576
-572
-571
-570
-1814
-570
-569
-569
-569
-568
-567
-5390
-5390
-5390
-566
-565
-564
-564
-564
-562
-562
-4680
-4279
-4279
-3050
-3050
-1572
-1572
-1572
-557
-557
-556
-556
-555
-555
-554
-554
-553
-552
-551
-551
-549
-547
-547
-546
-544
-544
-544
-543
-541
-541
-538
-536
-536
-536
-536
-536
-535
-535
-535
-2716
-532
-531
-531
-530
-530
-530
-4790
-3792
-530
-530
-530
-529
-529
-529
-527
-527
-525
-523
-523
-523
-520
-519
-517
-517
-517
-517
-2089
-2089
-2089
-2089
-1128
-516
-516
-515
-515
-515
-515
-514
-513
-512
-510
-510
-510
-509
-509
-509
-509
-508
-505
-505
-502
-502
-500
-498
-497
-497
-497
-496
-495
-493
-491
-489
-487
-487
-486
-483
-483
-483
-483
-483
-482
-481
-480
-480
-480
-480
-480
-480
-480
-479
-478
-477
-477
-477
-476
-476
-476
-474
-474
-474
-474
-474
-474
-472
-472
-465
-465
-464
-464
-463
-462
-1525
-462
-460
-459
-459
-459
-459
-7593
-3293
-455
-452
-452
-449
-449
-446
-443
-443
-443
-441
-441
-441
-441
-441
-440
-438
-437
-435
-435
-435
-433
-432
-432
-432
-432
-432
-432
-430
-430
-430
-430
-430
-430
-429
-429
-429
-429
-429
-429
-425
-424
-424
-424
-423
-423
-423
-422
-419
-418
-418
-418
-418
-4780
-413
-413
-413
-412
-412
-412
-412
-412
-405
-405
-405
-405
-405
-405
-404
-404
-403
-403
-402
-401
-401
-401
-401
-401
-824
-824
-824
-651
-396
-396
-396
-394
-394
-394
-394
-394
-394
-394
-394
-393
-393
-393
-391
-390
-390
-390
-388
-386
-386
-1088
-1088
-386
-384
-384
-384
-384
-384
-382
-382
-381
-381
-380
-380
-380
-376
-376
-376
-376
-791
-375
-375
-375
-3375
-375
-374
-374
-372
-372
-371
-371
-371
-371
-370
-370
-370
-370
-370
-369
-367
-367
-367
-367
-367
-365
-364
-364
-364
-363
-363
-362
-362
-362
-361
-361
-361
-668
-361
-361
-361
-361
-2392
-359
-359
-358
-358
-358
-358
-358
-355
-355
-355
-355
-355
-355
-354
-353
-352
-352
-352
-349
-349
-347
-346
-345
-345
-345
-344
-343
-340
-339
-339
-338
-336
-336
-334
-334
-334
-334
-334
-334
-334
-332
-332
-332
-331
-331
-331
-330
-330
-328
-328
-328
-325
-324
-324
-324
-324
-324
-324
-1616
-322
-322
-322
-320
-320
-319
-319
-318
-318
-317
-316
-515
-515
-315
-315
-4376
-315
-315
-315
-315
-313
-313
-313
-313
-313
-312
-312
-311
-311
-310
-309
-309
-308
-308
-307
-307
-304
-303
-303
-302
-301
-297
-296
-294
-294
-294
-294
-292
-292
-292
-292
-292
-292
-292
-288
-288
-283
-283
-283
-283
-283
-283
-283
-283
-280
-280
-280
-280
-276
-276
-274
-274
-274
-272
-4808
-272
-269
-269
-269
-268
-266
-266
-266
-266
-266
-3548
-265
-264
-264
-264
-263
-262
-262
-2754
-259
-259
-259
-259
-259
-259
-258
-258
-258
-258
-257
-257
-256
-256
-256
-255
-255
-252
-252
-251
-247
-247
-247
-247
-243
-243
-242
-242
-240
-239
-239
-238
-238
-238
-783
-237
-237
-237
-237
-236
-236
-231
-231
-231
-2209
-2209
-230
-230
-6754
-5186
-229
-229
-229
-229
-229
-224
-223
-222
-222
-222
-222
-221
-221
-221
-221
-221
-221
-221
-221
-220
-219
-219
-218
-216
-216
-216
-215
-215
-761
-212
-212
-210
-210
-210
-210
-209
-209
-206
-206
-2669
-1785
-200
-200
-199
-1317
-199
-199
-196
-196
-195
-195
-191
-191
-190
-188
-188
-188
-188
-188
-188
-188
-188
-7008
-5525
-994
-188
-188
-187
-185
-185
-184
-184
-184
-183
-183
-182
-181
-179
-179
-179
-179
-179
-179
-177
-176
-176
-176
-176
-176
-175
-175
-174
-174
-174
-174
-174
-174
-173
-168
-168
-168
-167
-167
-167
-167
-167
-167
-167
-167
-167
-166
-166
-166
-166
-165
-165
-165
-164
-164
-164
-164
-164
-164
-164
-164
-164
-164
-164
-164
-164
-163
-163
-163
-163
-8095
-4760
-4290
-1588
-1588
-1154
-402
-402
-402
-163
-161
-161
-161
-161
-161
-161
-160
-158
-156
-155
-155
-155
-155
-155
-155
-4857
-1560
-1053
-1053
-1053
-1053
-181
-155
-154
-154
-154
-154
-152
-152
-152
-151
-150
-150
-149
-149
-149
-149
-149
-149
-148
-295
-295
-148
-148
-148
-148
-148
-148
-148
-146
-867
-520
-520
-145
-145
-142
-142
-142
-142
-141
-140
-140
-140
-138
-138
-137
-137
-137
-137
-137
-137
-137
-137
-136
-136
-136
-136
-136
-136
-3584
-3584
-605
-134
-133
-133
-133
-133
-133
-133
-131
-131
-131
-131
-131
-129
-129
-129
-125
-125
-125
-125
-124
-123
-122
-3316
-3316
-3316
-3316
-1333
-122
-122
-120
-119
-650
-119
-119
-118
-118
-117
-116
-3720
-115
-115
-115
-113
-113
-113
-113
-113
-113
-113
-113
-112
-111
-111
-111
-5410
-110
-109
-109
-109
-106
-106
-106
-106
-105
-104
-104
-104
-104
-104
-103
-103
-103
-102
-102
-102
-102
-102
-102
-102
-477
-477
-100
-100
-98
-98
-98
-589
-589
-97
-97
-6244
-5428
-97
-97
-97
-96
-96
-96
-94
-94
-93
-93
-93
-93
-90
-90
-718
-718
-90
-90
-88
-88
-88
-88
-88
-87
-87
-87
-1626
-1626
-1626
-1510
-1510
-1005
-1005
-87
-86
-86
-86
-85
-85
-85
-85
-1677
-1677
-85
-85
-85
-85
-85
-85
-85
-85
-85
-85
-84
-84
-81
-81
-81
-81
-81
-81
-80
-80
-80
-80
-80
-79
-78
-78
-77
-77
-75
-75
-74
-74
-74
-74
-74
-74
-73
-73
-73
-73
-73
-73
-73
-1322
-1322
-72
-1554
-71
-71
-71
-71
-71
-69
-69
-4965
-4965
-4313
-4313
-4313
-67
-67
-65
-65
-65
-1390
-1390
-63
-2558
-62
-62
-62
-61
-61
-61
-60
-60
-60
-60
-59
-58
-58
-58
-57
-1319
-1319
-1319
-815
-56
-56
-55
-55
-54
-54
-54
-54
-54
-52
-52
-52
-52
-52
-52
-50
-50
-50
-50
-50
-48
-48
-2330
-870
-870
-870
-870
-383
-383
-383
-383
-383
-383
-47
-47
-44
-43
-42
-42
-42
-36
-35
-35
-35
-33
-32
-32
-32
-32
-32
-32
-32
-30
-28
-28
-28
-28
-28
-2673
-1449
-1449
-1449
-27
-27
-26
-26
-24
-22
-22
-21
-21
-21
-20
-19
-18
-18
-18
-17
-15
-15
-4957
-14
-13
-13
-10
-10
-2957
-2957
-9
-9
-9
-9
-9
-9
-1391
-1391
-8
-8
-8
-5
-5
-5
-4
-3
0
0
0
0
-7221
-4316
1
4
6
6
7
7
7
8
8
8
8
8
8
8
8
8
10
10
10
10
10
10
10
10
10
10
12
12
12
-5556
-3201
-1663
-1663
-1663
-1663
-1663
-1287
-482
-482
13
15
15
15
15
15
15
-829
-829
-829
19
19
19
19
20
20
20
20
20
21
22
-718
23
23
23
23
26
26
27
28
29
31
31
31
31
31
31
32
32
32
32
34
-2192
-2192
-1191
-1191
36
39
39
42
42
42
42
42
42
42
42
44
44
44
-459
-459
44
44
44
46
46
46
46
46
47
49
49
49
-88
-88
51
51
51
52
53
54
54
55
55
55
57
57
57
59
60
60
-827
-827
61
62
63
65
66
66
68
68
68
68
69
69
69
70
70
70
72
72
72
73
74
75
75
75
75
75
75
75
75
75
75
75
76
77
81
81
81
83
83
83
85
85
85
85
85
87
87
87
87
87
87
88
88
91
91
92
92
92
92
92
92
95
95
95
98
98
100
103
103
103
103
105
106
106
106
106
107
107
107
108
108
-2721
-1012
109
109
109
109
109
110
110
111
111
111
114
114
114
44
114
114
114
115
117
118
119
119
119
119
120
-478
-478
120
120
-844
122
122
122
123
123
125
127
127
129
131
131
132
135
135
135
136
136
136
136
136
136
136
136
136
136
136
136
136
137
137
139
139
140
140
140
140
140
140
140
145
-6378
-1724
-1070
145
145
147
149
149
151
151
152
152
152
152
156
156
156
156
156
157
-1150
129
158
158
158
158
158
159
159
159
159
159
160
162
162
162
163
163
163
163
163
165
167
167
167
168
168
170
170
170
170
170
172
172
173
174
174
174
174
175
175
175
175
176
176
178
180
180
-2590
-1598
181
181
181
181
-1295
181
182
182
184
185
185
186
186
189
190
190
190
190
190
190
190
190
190
190
194
194
194
196
196
196
198
198
199
199
201
201
202
202
202
202
202
202
202
205
206
206
206
207
207
208
210
210
211
211
211
211
211
211
211
211
211
211
211
212
212
-353
212
214
215
218
218
218
218
220
220
220
222
222
222
225
225
-5189
228
-2339
-2339
-2339
229
229
231
231
235
236
236
236
236
238
240
240
-346
-346
-346
-346
-346
-346
240
240
240
240
241
241
241
241
241
241
241
241
241
241
241
241
242
242
242
245
245
247
247
247
247
248
248
248
248
248
248
249
249
250
250
250
250
254
254
254
254
254
-2811
256
256
257
258
258
258
-660
